209.04299926757813 149.3939971923828 172.20399475097656
208.5050048828125 147.76600646972656 168.68800354003906
207.6510009765625 148.6300048828125 165.03599548339844
204.42100524902344 148.73199462890625 162.96600341796875
205.1840057373047 145.1009979248047 161.9080047607422
205.33599853515625 142.3780059814453 164.68899536132813
205.6580047607422 139.1790008544922 162.63800048828125
208.20599365234375 137.0449981689453 160.6840057373047
210.75 138.2469940185547 158.14599609375
212.66200256347656 136.12600708007813 155.65699768066406
214.45199584960938 136.3179931640625 152.2570037841797
214.78399658203125 133.16600036621094 150.1219940185547
216.0959930419922 132.68800354003906 146.53599548339844
214.77000427246094 129.802001953125 144.4199981689453
216.68899536132813 129.0290069580078 141.2050018310547
215.28399658203125 126.23999786376953 138.91299438476563
216.25 124.52400207519531 135.61900329589844
214.74400329589844 122.0270004272461 133.10400390625
216.0019989013672 119.2229995727539 135.47000122070313
217.9810028076172 120.6449966430664 138.46299743652344
217.13600158691406 123.25499725341797 141.2779998779297
218.93699645996094 125.38600158691406 143.92799377441406
217.66400146484375 127.10299682617188 147.0800018310547
219.3419952392578 129.15499877929688 149.79600524902344
218.36099243164063 131.76699829101563 152.48300170898438
220.41799926757813 135.02099609375 151.88699340820313
221.4949951171875 135.6999969482422 155.53199768066406
224.06399536132813 138.56500244140625 154.73699951171875
222.82400512695313 141.8470001220703 153.0959930419922
225.75900268554688 142.0 150.5260009765625
224.75399780273438 138.4739990234375 149.4040069580078
221.13699340820313 139.32400512695313 148.31100463867188
222.1510009765625 141.30599975585938 145.218994140625
224.49200439453125 138.89300537109375 143.21800231933594
221.47500610351563 136.60499572753906 142.28799438476563
220.26199340820313 139.28399658203125 139.822998046875
222.86700439453125 138.15699768066406 137.2239990234375
223.06700134277344 134.38099670410156 136.4510040283203
221.16799926757813 132.49000549316406 133.52699279785156
217.94200134277344 130.42799377441406 134.43299865722656
214.86900329589844 132.31100463867188 135.72000122070313
215.72799682617188 132.98599243164063 139.406005859375
212.8520050048828 133.7480010986328 141.76499938964844
213.7100067138672 135.7429962158203 145.0229949951172
211.16299438476563 136.08700561523438 147.87600708007813
211.3179931640625 138.93600463867188 150.34300231933594
208.67300415039063 138.677001953125 153.16200256347656
208.55299377441406 141.26199340820313 155.93899536132813
209.36399841308594 144.9980010986328 156.1540069580078
211.46499633789063 145.01800537109375 159.28700256347656
214.5760040283203 144.5850067138672 157.26400756835938
214.3800048828125 148.28500366210938 156.3209991455078
218.15499877929688 148.2469940185547 155.82400512695313
217.52099609375 145.86099243164063 152.81300354003906
214.67599487304688 148.10699462890625 151.52000427246094
216.66700744628906 151.35499572753906 151.677001953125
219.76400756835938 149.58299255371094 150.34500122070313
217.66299438476563 148.41700744628906 147.27099609375
216.2830047607422 151.95700073242188 146.4550018310547
219.73599243164063 153.4080047607422 145.97300720214844
220.9010009765625 150.3159942626953 144.072998046875
217.9720001220703 150.62399291992188 141.47000122070313
217.875 154.4949951171875 141.48500061035156
214.30999755859375 155.1529998779297 142.6300048828125
213.0959930419922 158.69900512695313 143.30099487304688
212.64700317382813 159.5 147.13400268554688
208.75900268554688 159.65199279785156 147.1320037841797
208.65699768066406 156.00100708007813 145.78900146484375
210.91600036621094 155.1300048828125 148.86700439453125
208.2030029296875 156.552001953125 151.18499755859375
205.55799865722656 154.61900329589844 149.22999572753906
207.4290008544922 151.30299377441406 149.82400512695313
208.27099609375 152.0749969482422 153.60499572753906
204.47500610351563 152.67100524902344 154.48399353027344
202.1300048828125 149.76499938964844 153.75100708007813
198.76699829101563 151.75 153.8979949951172
199.22999572753906 153.04200744628906 150.3000030517578
196.75100708007813 152.4720001220703 147.41900634765625
197.19700622558594 150.5489959716797 143.9290008544922
199.0 152.66299438476563 141.25900268554688
201.71499633789063 152.71800231933594 138.46200561523438
205.04800415039063 154.64500427246094 138.70899963378906
206.7570037841797 155.43899536132813 135.39199829101563
210.62600708007813 155.21099853515625 135.02699279785156
213.05499267578125 155.0189971923828 131.9080047607422
213.67999267578125 151.2220001220703 131.61000061035156
211.23599243164063 149.718994140625 134.28799438476563
207.7740020751953 150.2519989013672 135.63600158691406
206.95700073242188 149.80599975585938 139.38400268554688
203.4739990234375 148.58900451660156 140.34500122070313
201.72300720214844 148.677001953125 143.61199951171875
199.24099731445313 145.7429962158203 144.093994140625
197.197998046875 144.4409942626953 146.96400451660156
195.50799560546875 141.11300659179688 147.68600463867188
192.03399658203125 141.38099670410156 149.3820037841797
190.61599731445313 138.54800415039063 151.57400512695313
187.05999755859375 138.7469940185547 152.8979949951172
185.41799926757813 136.0260009765625 155.04299926757813
181.75100708007813 135.14199829101563 154.81199645996094
180.61399841308594 135.23599243164063 158.63699340820313
182.90199279785156 138.17599487304688 159.6490020751953
182.7469940185547 141.91299438476563 159.24099731445313
186.593994140625 142.03700256347656 158.81700134277344
188.63699340820313 142.38499450683594 155.4459991455078
192.46099853515625 141.86500549316406 155.2760009765625
194.73699951171875 143.25799560546875 152.4550018310547
198.3509979248047 142.36300659179688 151.77499389648438
200.593994140625 144.5570068359375 149.60800170898438
202.33200073242188 142.67599487304688 146.6959991455078
205.3179931640625 144.28500366210938 145.2270050048828
207.29400634765625 142.8040008544922 142.31300354003906
210.66099548339844 143.62600708007813 140.73199462890625
211.63400268554688 142.19400024414063 137.3699951171875
215.468994140625 142.7220001220703 136.4720001220703
218.09500122070313 140.73300170898438 134.29800415039063
217.9459991455078 137.031005859375 135.02200317382813
216.01699829101563 137.2899932861328 138.36500549316406
212.20899963378906 137.86900329589844 139.27699279785156
211.322998046875 139.34300231933594 142.7449951171875
208.2259979248047 138.88900756835938 145.03399658203125
207.8820037841797 141.28599548339844 147.95599365234375
205.24600219726563 141.1060028076172 150.7779998779297
204.20399475097656 143.6439971923828 153.46299743652344
203.3249969482422 140.85000610351563 155.94700622558594
202.9080047607422 136.94900512695313 155.9409942626953
199.91799926757813 135.83299255371094 153.718994140625
198.9530029296875 132.4530029296875 152.4080047607422
201.6060028076172 129.6929931640625 153.2449951171875
204.41700744628906 128.7689971923828 150.79200744628906
204.92799377441406 125.12699890136719 151.86599731445313
203.16400146484375 123.39800262451172 148.8769989013672
204.59800720214844 126.16100311279297 146.52099609375
207.96299743652344 125.17500305175781 147.9219970703125
207.6300048828125 121.39199829101563 147.0989990234375
206.47900390625 122.16100311279297 143.5850067138672
209.43699645996094 124.51599884033203 142.8300018310547
211.71299743652344 122.2030029296875 144.6649932861328
210.88499450683594 118.81500244140625 142.9239959716797
210.05599975585938 120.37799835205078 139.50100708007813
206.5030059814453 119.06800079345703 139.4980010986328
205.03700256347656 119.46600341796875 135.8070068359375
204.69200134277344 122.98200225830078 134.68499755859375
207.88699340820313 124.177001953125 136.375
209.93600463867188 122.06500244140625 133.88800048828125
208.33700561523438 123.64299774169922 130.8459930419922
207.22000122070313 127.13500213623047 131.8699951171875
209.3679962158203 130.22500610351563 132.6439971923828
208.3939971923828 133.58599853515625 134.19900512695313
204.9980010986328 133.26100158691406 132.49000549316406
203.4010009765625 130.9340057373047 135.0330047607422
205.16299438476563 132.89100646972656 137.84100341796875
202.92100524902344 135.88699340820313 137.27999877929688
199.98800659179688 133.5989990234375 136.656005859375
200.07200622558594 131.92100524902344 140.08399963378906
198.9290008544922 135.24099731445313 141.69000244140625
196.38699340820313 135.7519989013672 138.8560028076172
194.54800415039063 132.36199951171875 138.86500549316406
194.26600646972656 132.80499267578125 142.6490020751953
192.78799438476563 136.2760009765625 142.34100341796875
189.9250030517578 135.1269989013672 140.23399353027344
188.69700622558594 132.73300170898438 142.95399475097656
188.94900512695313 135.7030029296875 145.40899658203125
186.23800659179688 137.7169952392578 143.50799560546875
183.58099365234375 135.02000427246094 143.91200256347656
183.94700622558594 134.98699951171875 147.66600036621094
183.40899658203125 138.85499572753906 147.97900390625
180.24099731445313 138.697998046875 145.73699951171875
178.9759979248047 135.75100708007813 147.86700439453125
179.7209930419922 137.80799865722656 151.08099365234375
177.83200073242188 140.94200134277344 149.83700561523438
174.7830047607422 138.7550048828125 148.7259979248047
174.59300231933594 137.2050018310547 152.22300720214844
174.81399536132813 140.64199829101563 153.9949951171875
172.04600524902344 142.04100036621094 151.6320037841797
169.94400024414063 138.85899353027344 152.48500061035156
170.43499755859375 139.4499969482422 156.20599365234375
169.5500030517578 143.18899536132813 155.74200439453125
166.1750030517578 142.01199340820313 154.33099365234375
165.4510040283203 139.99600219726563 157.48300170898438
166.86099243164063 142.83799743652344 159.75399780273438
164.54299926757813 145.5469970703125 158.27000427246094
161.24400329589844 143.718994140625 156.98300170898438
160.53700256347656 142.3679962158203 160.47900390625
160.79600524902344 145.68499755859375 162.41799926757813
164.34100341796875 146.55099487304688 163.7220001220703
164.9739990234375 145.69900512695313 167.48199462890625
168.52699279785156 146.4340057373047 168.7480010986328
172.24400329589844 146.1750030517578 167.85899353027344
171.82699584960938 147.83999633789063 164.41799926757813
174.38900756835938 150.6820068359375 165.13299560546875
176.71499633789063 147.84300231933594 166.64700317382813
176.45700073242188 145.94400024414063 163.20599365234375
176.86399841308594 149.30499267578125 161.3459930419922
179.94000244140625 150.2310028076172 163.39500427246094
181.6020050048828 147.0469970703125 162.2449951171875
180.30999755859375 146.95700073242188 158.61700439453125
180.3699951171875 150.63600158691406 157.60499572753906
183.91000366210938 150.87399291992188 158.98500061035156
185.27200317382813 147.75399780273438 157.29100036621094
183.57200622558594 148.88699340820313 153.98599243164063
185.03599548339844 152.375 154.3769989013672
188.54600524902344 150.9040069580078 154.67300415039063
187.91299438476563 148.63900756835938 151.62399291992188
186.76499938964844 151.30999755859375 148.9530029296875
190.1699981689453 153.06399536132813 149.54600524902344
191.92799377441406 150.08799743652344 147.90499877929688
189.67100524902344 148.43099975585938 145.16900634765625
188.4770050048828 151.6230010986328 143.48500061035156
191.91799926757813 152.63099670410156 141.781005859375
192.9340057373047 148.91000366210938 140.98899841308594
191.1280059814453 148.86700439453125 137.58900451660156
193.86099243164063 150.74099731445313 135.6719970703125
196.61000061035156 148.72999572753906 137.5540008544922
195.3769989013672 145.31300354003906 136.38699340820313
194.83399963378906 146.7740020751953 132.8520050048828
198.45899963378906 147.4709930419922 132.88499450683594
199.31700134277344 143.74000549316406 132.73800659179688
197.11399841308594 142.85299682617188 129.73800659179688
199.1280059814453 141.55099487304688 126.71900177001953
202.0070037841797 143.88299560546875 126.2969970703125
204.13600158691406 143.19700622558594 129.4459991455078
207.41299438476563 141.13099670410156 129.1929931640625
206.78399658203125 137.63800048828125 130.89199829101563
203.41000366210938 136.82200622558594 129.4080047607422
203.0019989013672 134.3820037841797 126.39700317382813
200.20700073242188 135.51600646972656 124.02899932861328
196.8990020751953 133.3470001220703 123.91799926757813
197.6719970703125 131.0679931640625 126.97599792480469
197.95399475097656 133.50999450683594 130.01199340820313
195.96600341796875 136.197998046875 128.1479949951172
192.18299865722656 134.8179931640625 128.68499755859375
192.697998046875 134.86300659179688 132.5260009765625
193.6820068359375 138.65899658203125 132.26100158691406
190.74200439453125 139.11700439453125 129.9429931640625
188.30499267578125 137.9199981689453 132.60499572753906
190.2010040283203 139.8260040283203 135.4340057373047
189.78900146484375 143.2570037841797 133.70399475097656
185.99400329589844 142.31399536132813 133.1009979248047
185.48500061035156 141.43800354003906 136.77499389648438
187.00399780273438 144.41200256347656 138.79100036621094
184.4429931640625 146.6580047607422 137.19700622558594
181.59500122070313 144.47000122070313 138.46600341796875
183.35000610351563 144.37899780273438 141.98300170898438
184.00900268554688 148.03799438476563 142.2469940185547
180.55299377441406 149.02099609375 141.05499267578125
179.00399780273438 146.55999755859375 143.69400024414063
181.31199645996094 148.06199645996094 146.45599365234375
179.66900634765625 151.64500427246094 145.85299682617188
176.1909942626953 150.02499389648438 145.85699462890625
176.57400512695313 148.0489959716797 149.1179962158203
177.60499572753906 151.25799560546875 151.0760040283203
174.47900390625 153.3350067138672 150.11900329589844
172.41799926757813 150.125 151.0970001220703
174.19900512695313 149.65199279785156 154.54200744628906
173.23599243164063 153.34500122070313 155.49200439453125
169.53399658203125 152.82200622558594 154.67599487304688
169.26600646972656 150.4429931640625 157.75
169.7519989013672 153.2899932861328 160.38999938964844
167.5449981689453 155.47500610351563 158.10299682617188
164.625 153.10000610351563 158.80499267578125
165.57000732421875 152.5030059814453 162.53599548339844
165.031005859375 156.1929931640625 163.39999389648438
161.072998046875 156.57899475097656 163.58700561523438
161.17300415039063 153.0850067138672 165.06300354003906
163.66099548339844 154.0260009765625 167.91700744628906
161.6959991455078 157.4239959716797 168.5240020751953
158.57200622558594 155.3159942626953 169.5189971923828
160.572998046875 153.85699462890625 172.5070037841797
161.40699768066406 157.4770050048828 173.38099670410156
157.81199645996094 158.0290069580078 174.13299560546875
157.36700439453125 154.5709991455078 175.81300354003906
160.28700256347656 154.99600219726563 178.22500610351563
159.1719970703125 158.60800170898438 179.25399780273438
155.7310028076172 157.11199951171875 179.927001953125
157.07400512695313 154.84100341796875 182.51800537109375
159.2449951171875 157.572998046875 184.1909942626953
156.2100067138672 159.88800048828125 184.5780029296875
153.8070068359375 157.18499755859375 185.96600341796875
156.28399658203125 156.18600463867188 188.7740020751953
157.2270050048828 159.79299926757813 189.63800048828125
153.58200073242188 160.9929962158203 189.69200134277344
152.8990020751953 158.24200439453125 192.2790069580078
156.05499267578125 159.2740020751953 194.16400146484375
155.91000366210938 163.08799743652344 194.24200439453125
152.31399536132813 163.58700561523438 195.927001953125
153.06100463867188 161.1529998779297 198.73699951171875
156.53599548339844 162.41900634765625 199.3730010986328
155.38400268554688 166.13400268554688 199.84500122070313
152.77099609375 164.96600341796875 202.4600067138672
155.49899291992188 162.85499572753906 204.0970001220703
157.61399841308594 166.17799377441406 204.1219940185547
154.82899475097656 168.02499389648438 206.0189971923828
154.48500061035156 165.2729949951172 208.6959991455078
158.3459930419922 165.1230010986328 208.9199981689453
158.67999267578125 168.7310028076172 210.26100158691406
160.04800415039063 169.0709991455078 213.85800170898438
157.64100646972656 171.95599365234375 215.01699829101563
156.45799255371094 172.3939971923828 218.593994140625
152.69400024414063 172.7899932861328 217.69400024414063
151.66000366210938 169.86099243164063 215.46299743652344
148.39100646972656 167.9149932861328 214.42300415039063
149.8040008544922 164.82400512695313 216.406005859375
148.83399963378906 165.9340057373047 220.03199768066406
145.74200439453125 167.90499877929688 218.73500061035156
143.97799682617188 164.96099853515625 217.09800720214844
143.86199951171875 161.2259979248047 218.16700744628906
144.7550048828125 158.48399353027344 215.69200134277344
146.21200561523438 160.92799377441406 213.20700073242188
148.86900329589844 158.41400146484375 211.70599365234375
146.6790008544922 155.7550048828125 210.11000061035156
144.406005859375 158.48800659179688 208.84500122070313
147.27000427246094 160.23300170898438 206.81199645996094
148.28900146484375 156.97999572753906 204.98699951171875
180.51400756835938 127.5250015258789 133.43800354003906
178.43099975585938 129.1439971923828 136.34800720214844
175.156005859375 127.33300018310547 137.4929962158203
173.08799743652344 127.26899719238281 140.89599609375
169.4010009765625 127.5199966430664 141.94700622558594
166.6929931640625 129.66700744628906 143.43899536132813
163.52999877929688 128.78700256347656 145.58900451660156
160.91799926757813 129.76100158691406 142.82899475097656
159.6199951171875 127.56900024414063 140.01800537109375
161.83900451660156 126.625 136.89599609375
160.03900146484375 126.2300033569336 133.49099731445313
161.0189971923828 126.0 129.80299377441406
158.60800170898438 126.68000030517578 126.85900115966797
158.7689971923828 126.63500213623047 123.07599639892578
156.3040008544922 128.41400146484375 120.64900207519531
156.31700134277344 127.44400024414063 117.03600311279297
154.4409942626953 129.63699340820313 114.56999969482422
153.57899475097656 129.98899841308594 110.90799713134766
150.6529998779297 132.01499938964844 109.2750015258789
148.30099487304688 129.0050048828125 109.66999816894531
149.97500610351563 126.28399658203125 111.86100006103516
151.08700561523438 126.68699645996094 115.48300170898438
152.49099731445313 124.37799835205078 117.9229965209961
153.70599365234375 124.83100128173828 121.60800170898438
155.12399291992188 122.2040023803711 124.07499694824219
156.7220001220703 121.96499633789063 127.49700164794922
160.2449951171875 120.44400024414063 126.9010009765625
164.03599548339844 121.2040023803711 126.86900329589844
164.5850067138672 119.39099884033203 123.53500366210938
167.17999267578125 121.20800018310547 121.14700317382813
165.62399291992188 119.86900329589844 117.93699645996094
162.21200561523438 121.47799682617188 118.63500213623047
163.9510040283203 124.97699737548828 118.5
167.21800231933594 124.88999938964844 116.61399841308594
166.2779998779297 123.86599731445313 113.0260009765625
163.23300170898438 126.19999694824219 113.26100158691406
165.843994140625 129.16799926757813 113.3280029296875
165.55499267578125 129.031005859375 109.44300079345703
161.72900390625 129.5030059814453 109.66600036621094
160.34500122070313 132.36000061035156 107.44100189208984
158.25999450683594 133.41400146484375 110.46700286865234
160.14500427246094 133.67599487304688 113.8499984741211
160.75999450683594 130.76699829101563 116.48999786376953
160.11000061035156 131.78199768066406 120.16500091552734
161.593994140625 130.0919952392578 123.22000122070313
160.90699768066406 131.16700744628906 126.85600280761719
163.21200561523438 129.88099670410156 129.63600158691406
162.7169952392578 130.66400146484375 133.36599731445313
165.16900634765625 129.6750030517578 136.06199645996094
168.6840057373047 129.9530029296875 137.51199340820313
169.67300415039063 126.35800170898438 136.97500610351563
169.03900146484375 126.9729995727539 133.23300170898438
172.5659942626953 128.29400634765625 132.41200256347656
173.09300231933594 124.58399963378906 131.2989959716797
170.49000549316406 124.49099731445313 128.4600067138672
171.6320037841797 127.875 127.01200103759766
175.34800720214844 126.81199645996094 127.21099853515625
174.63600158691406 123.29399871826172 125.90899658203125
172.8280029296875 124.58200073242188 122.71700286865234
175.2519989013672 127.68900299072266 122.55999755859375
178.20799255371094 125.322998046875 122.25199890136719
176.23699951171875 122.95600128173828 119.83899688720703
175.2570037841797 125.68800354003906 117.41899871826172
178.6750030517578 127.52100372314453 118.08499908447266
177.23599243164063 130.77999877929688 119.40399932861328
179.468994140625 133.98199462890625 119.68000030517578
181.35699462890625 133.86599731445313 122.99500274658203
180.41200256347656 137.4239959716797 123.85800170898438
176.58999633789063 136.80299377441406 123.76100158691406
177.0659942626953 133.61599731445313 125.7030029296875
179.1959991455078 135.47900390625 128.3280029296875
176.84800720214844 138.55999755859375 128.71499633789063
173.93299865722656 136.12100219726563 129.45199584960938
176.1719970703125 134.3730010986328 132.01400756835938
176.91299438476563 137.7530059814453 133.6060028076172
174.60299682617188 138.39300537109375 136.4929962158203
173.9340057373047 142.20700073242188 136.19900512695313
175.3560028076172 145.2429962158203 134.26199340820313
174.38499450683594 148.69900512695313 133.04600524902344
171.9720001220703 148.76100158691406 130.03399658203125
173.1479949951172 148.89500427246094 126.3740005493164
171.90199279785156 148.0449981689453 122.85099792480469
174.03399658203125 146.1199951171875 120.33200073242188
173.44500732421875 146.1840057373047 116.63400268554688
175.4429931640625 143.84300231933594 114.5
175.60899353027344 142.343994140625 111.03800201416016
174.0189971923828 138.927001953125 112.05400085449219
172.08700561523438 139.4709930419922 115.2979965209961
170.28199768066406 142.11599731445313 117.63200378417969
171.093994140625 142.16600036621094 121.40299987792969
169.01699829101563 144.45199584960938 123.6989974975586
169.05999755859375 144.8939971923828 127.60700225830078
165.8699951171875 146.05599975585938 129.2550048828125
164.82699584960938 145.6750030517578 133.0050048828125
161.51499938964844 144.38299560546875 134.3509979248047
160.05999755859375 145.52000427246094 137.7449951171875
157.5290069580078 143.77099609375 140.03199768066406
155.4409942626953 144.48300170898438 143.1699981689453
153.177001953125 142.06900024414063 145.13800048828125
150.17300415039063 143.05099487304688 147.28599548339844
151.177001953125 140.6959991455078 150.18899536132813
154.927001953125 141.7239990234375 149.85899353027344
156.76100158691406 144.85800170898438 151.20899963378906
159.59500122070313 144.43099975585938 148.67300415039063
159.79800415039063 145.58299255371094 145.03900146484375
161.69200134277344 143.1909942626953 142.86199951171875
164.01100158691406 144.01800537109375 139.91600036621094
165.12399291992188 141.78199768066406 137.125
167.2169952392578 142.3990020751953 134.10499572753906
165.94400024414063 141.0679931640625 130.8280029296875
168.6820068359375 140.593994140625 128.21499633789063
167.13400268554688 139.47500610351563 124.77100372314453
169.1439971923828 137.8820037841797 121.91200256347656
167.44000244140625 137.6999969482422 118.4800033569336
169.66400146484375 135.66400146484375 116.1240005493164
168.27200317382813 135.73500061035156 112.55400085449219
164.66099548339844 134.4810028076172 113.2030029296875
165.33099365234375 132.73399353027344 116.63600158691406
164.4759979248047 134.6790008544922 119.84400177001953
165.56500244140625 133.56300354003906 123.25599670410156
164.03799438476563 135.02699279785156 126.4280014038086
165.7899932861328 134.32000732421875 129.78900146484375
164.3000030517578 135.1999969482422 133.22000122070313
164.4029998779297 134.26199340820313 136.9600067138672
160.7740020751953 133.3260040283203 137.32000732421875
157.35400390625 133.22300720214844 135.58299255371094
155.5679931640625 136.61300659179688 134.656005859375
152.3179931640625 138.42799377441406 135.54400634765625
151.08999633789063 140.8249969482422 132.88499450683594
152.0989990234375 138.7740020751953 129.81399536132813
150.36700439453125 135.46600341796875 130.9250030517578
146.8350067138672 136.052001953125 129.35800170898438
148.218994140625 137.05799865722656 125.927001953125
149.4600067138672 133.50999450683594 124.9229965209961
146.16200256347656 132.0970001220703 126.27899932861328
143.9149932861328 134.23199462890625 124.13500213623047
145.81100463867188 133.48599243164063 120.927001953125
145.73399353027344 129.68800354003906 121.51699829101563
142.031005859375 129.3509979248047 122.61900329589844
140.5679931640625 132.20399475097656 120.4530029296875
139.63699340820313 134.44900512695313 123.47000122070313
138.28399658203125 138.12399291992188 122.8499984741211
139.375 140.2220001220703 119.87899780273438
142.1840057373047 138.10699462890625 118.35800170898438
143.14199829101563 136.20700073242188 115.1719970703125
146.61099243164063 134.86199951171875 114.63400268554688
149.4080047607422 137.55599975585938 114.5009994506836
152.4550018310547 135.1840057373047 114.99400329589844
155.3209991455078 135.36300659179688 117.53099822998047
157.28900146484375 138.27999877929688 115.95700073242188
154.17799377441406 140.33999633789063 116.71199798583984
154.00799560546875 138.67799377441406 120.1050033569336
157.5469970703125 139.9929962158203 120.94000244140625
156.4029998779297 143.41200256347656 119.56999969482422
153.29100036621094 143.177001953125 121.8949966430664
155.5970001220703 142.10299682617188 124.90399932861328
157.677001953125 145.31900024414063 124.3759994506836
154.48800659179688 147.38600158691406 123.93499755859375
152.7989959716797 145.76600646972656 127.01799774169922
156.08700561523438 146.16200256347656 128.96299743652344
155.53399658203125 149.94700622558594 129.17300415039063
152.1540069580078 149.24099731445313 130.77000427246094
153.99400329589844 146.73500061035156 133.07899475097656
155.6199951171875 149.69000244140625 134.9149932861328
152.06199645996094 151.10899353027344 135.22999572753906
150.62399291992188 147.7220001220703 136.4759979248047
152.95599365234375 147.29200744628906 139.54600524902344
151.63299560546875 150.71499633789063 140.59800720214844
148.02699279785156 149.41900634765625 140.33299255371094
148.7740020751953 147.03500366210938 143.29200744628906
150.07200622558594 150.07400512695313 145.26499938964844
146.92300415039063 152.21800231933594 144.3939971923828
144.5679931640625 149.44500732421875 145.73899841308594
146.96400451660156 149.2100067138672 148.7570037841797
146.58399963378906 152.9759979248047 149.26199340820313
142.7480010986328 152.7949981689453 149.4759979248047
142.89500427246094 150.05999755859375 152.1739959716797
145.84500122070313 151.8280029296875 153.91000366210938
143.90699768066406 155.11900329589844 154.01300048828125
141.30499267578125 153.39999389648438 156.21299743652344
143.93499755859375 151.73800659179688 158.5070037841797
146.15199279785156 154.75900268554688 158.72000122070313
143.48699951171875 157.39199829101563 159.93299865722656
141.79600524902344 155.05099487304688 162.5290069580078
145.0800018310547 153.9929962158203 164.12399291992188
148.7740020751953 154.97300720214844 163.69900512695313
150.08999633789063 151.3520050048828 163.97799682617188
153.38800048828125 149.86199951171875 162.90199279785156
154.51600646972656 148.29800415039063 159.53399658203125
153.52000427246094 151.1230010986328 157.052001953125
157.1280059814453 152.43299865722656 157.46200561523438
158.56300354003906 148.88099670410156 156.822998046875
156.68699645996094 148.8780059814453 153.61700439453125
158.13900756835938 152.20599365234375 152.31300354003906
161.73399353027344 151.427001953125 153.53599548339844
161.9029998779297 148.031005859375 151.70899963378906
160.8780059814453 149.7310028076172 148.4010009765625
163.12100219726563 152.7729949951172 149.0679931640625
166.0919952392578 150.4219970703125 149.5279998779297
165.18899536132813 148.55499267578125 146.20799255371094
164.73399353027344 152.0570068359375 144.51400756835938
168.18499755859375 153.21800231933594 145.77699279785156
169.58200073242188 149.92300415039063 144.2779998779297
167.80499267578125 150.76499938964844 140.9149932861328
169.2239990234375 154.2830047607422 140.88999938964844
172.7239990234375 153.13600158691406 140.69400024414063
172.1179962158203 151.781005859375 137.13900756835938
169.16700744628906 153.84800720214844 135.8000030517578
170.281005859375 157.36900329589844 137.01800537109375
173.41900634765625 158.093994140625 134.8159942626953
171.45199584960938 156.5240020751953 131.822998046875
169.74600219726563 159.95199584960938 131.26800537109375
173.17999267578125 161.4010009765625 130.18499755859375
173.4739990234375 158.30599975585938 127.95899963378906
169.98399353027344 158.62899780273438 126.36799621582031
170.86599731445313 162.27699279785156 125.54900360107422
174.26400756835938 161.07400512695313 124.24600219726563
172.39700317382813 158.6280059814453 122.00499725341797
169.47500610351563 160.98699951171875 121.06199645996094
171.5260009765625 163.86399841308594 119.79399871826172
174.01800537109375 161.93499755859375 117.54299926757813
172.63900756835938 158.25999450683594 117.09500122070313
175.44200134277344 155.66000366210938 116.81500244140625
174.35800170898438 152.61300659179688 114.61699676513672
171.96400451660156 154.26699829101563 112.13300323486328
171.23800659179688 157.87899780273438 110.94000244140625
168.73599243164063 160.22300720214844 112.76399993896484
165.5489959716797 160.15699768066406 110.65299987792969
164.63900756835938 156.53199768066406 111.2300033569336
165.35499572753906 156.49200439453125 115.12300109863281
165.22000122070313 160.0 116.7959976196289
161.30999755859375 160.572998046875 116.58499908447266
160.53700256347656 157.13600158691406 118.00399780273438
163.12100219726563 157.531005859375 120.91600036621094
161.2790069580078 160.76699829101563 121.78800201416016
158.17999267578125 158.7010040283203 122.78600311279297
160.06199645996094 155.9980010986328 124.71399688720703
162.1739959716797 158.58099365234375 126.66000366210938
159.03799438476563 160.8040008544922 127.25399780273438
157.1219940185547 157.91799926757813 128.72500610351563
159.86099243164063 157.11700439453125 131.32699584960938
159.42999267578125 160.68600463867188 132.72799682617188
155.48300170898438 160.20799255371094 132.68499755859375
156.1490020751953 156.92999267578125 134.57000732421875
158.6529998779297 158.40199279785156 137.10699462890625
155.96499633789063 160.95199584960938 138.15499877929688
153.33099365234375 158.22000122070313 138.6199951171875
155.84100341796875 156.2550048828125 140.73899841308594
156.7899932861328 159.32899475097656 142.91299438476563
153.08599853515625 160.31399536132813 143.3350067138672
151.81100463867188 157.06199645996094 145.08099365234375
155.24099731445313 156.77499389648438 146.89500427246094
154.78900146484375 160.31500244140625 148.1840057373047
151.39100646972656 159.76600646972656 149.77699279785156
152.86500549316406 156.71400451660156 151.53900146484375
156.281005859375 158.25799560546875 152.2429962158203
154.57400512695313 161.33799743652344 153.60299682617188
152.60899353027344 159.0760040283203 155.95199584960938
155.9340057373047 157.82000732421875 157.41299438476563
156.572998046875 161.302001953125 158.73399353027344
152.83700561523438 161.42300415039063 159.906005859375
153.7209930419922 158.63499450683594 162.31300354003906
157.04299926757813 160.4010009765625 163.26499938964844
155.0260009765625 163.5019989013672 164.0540008544922
152.39999389648438 161.4770050048828 166.0279998779297
155.2050018310547 160.0989990234375 168.1929931640625
156.84800720214844 163.58599853515625 168.66799926757813
153.24200439453125 165.08200073242188 169.50900268554688
152.58399963378906 162.3040008544922 172.18299865722656
156.21800231933594 162.7480010986328 173.3939971923828
155.95399475097656 166.50399780273438 174.21800231933594
152.67599487304688 165.69500732421875 176.1479949951172
154.51199340820313 163.4810028076172 178.5050048828125
157.60499572753906 165.91900634765625 178.8419952392578
155.4239959716797 168.9669952392578 179.67999267578125
153.57400512695313 166.94700622558594 182.3470001220703
156.81500244140625 165.49600219726563 183.93099975585938
157.93299865722656 169.1929931640625 184.06700134277344
154.89100646972656 170.7989959716797 185.7989959716797
154.70899963378906 167.74400329589844 188.23599243164063
158.3560028076172 167.91299438476563 189.16099548339844
158.87399291992188 171.73300170898438 189.11000061035156
156.0850067138672 172.17799377441406 191.6219940185547
157.22000122070313 169.44900512695313 194.03399658203125
160.9459991455078 170.2899932861328 194.0659942626953
160.87600708007813 173.60400390625 196.10400390625
158.072998046875 172.28599548339844 198.3419952392578
160.13900756835938 169.08799743652344 199.3209991455078
163.33299255371094 171.2760009765625 199.82400512695313
161.5679931640625 173.6439971923828 202.31500244140625
160.0 170.7480010986328 204.21499633789063
163.41900634765625 168.97300720214844 204.20899963378906
164.92100524902344 172.10400390625 205.8090057373047
162.42300415039063 172.0590057373047 208.8470001220703
163.22900390625 168.2570037841797 208.9929962158203
166.83799743652344 168.8780059814453 210.25599670410156
167.75599670410156 168.0850067138672 213.82400512695313
169.7209930419922 171.33700561523438 214.72300720214844
170.2899932861328 172.50599670410156 218.38600158691406
170.697998046875 176.08700561523438 217.2169952392578
167.19900512695313 176.1739959716797 215.4510040283203
164.93800354003906 179.1510009765625 216.2480010986328
162.28599548339844 178.30799865722656 213.47799682617188
161.23300170898438 175.04100036621094 215.1750030517578
160.79400634765625 176.76800537109375 218.55999755859375
159.0959930419922 179.83200073242188 216.8090057373047
155.54200744628906 180.47500610351563 218.16400146484375
152.8249969482422 179.6020050048828 215.53900146484375
155.50100708007813 178.88299560546875 212.8820037841797
153.98699951171875 175.6219940185547 211.5189971923828
150.64100646972656 177.25399780273438 210.1790008544922
152.66900634765625 180.00599670410156 208.5590057373047
155.1320037841797 177.55299377441406 206.91200256347656
121.35600280761719 154.25100708007813 150.0489959716797
124.75299835205078 155.2899932861328 151.54600524902344
127.10600280761719 156.2830047607422 148.73199462890625
129.74000549316406 158.78199768066406 147.48899841308594
127.33699798583984 160.27200317382813 145.03599548339844
125.21700286865234 163.46200561523438 145.03399658203125
122.7760009765625 162.11900329589844 142.42300415039063
122.8010025024414 158.59100341796875 143.88299560546875
118.98300170898438 158.28799438476563 144.47000122070313
117.9800033569336 160.43899536132813 141.48399353027344
117.47699737548828 157.6580047607422 138.906005859375
117.21399688720703 158.9199981689453 135.3470001220703
118.19100189208984 157.79299926757813 131.72900390625
118.57599639892578 160.52200317382813 128.86300659179688
119.47799682617188 160.13800048828125 125.0719985961914
120.45800018310547 163.24099731445313 123.16300201416016
121.02300262451172 162.8159942626953 119.40499877929688
122.81400299072266 165.89599609375 117.98400115966797
124.83899688720703 167.69500732421875 115.3479995727539
125.69200134277344 171.33399963378906 114.6989974975586
122.28399658203125 172.18299865722656 113.05699920654297
120.06600189208984 169.2790069580078 114.14399719238281
118.88600158691406 167.9550018310547 117.5469970703125
116.50900268554688 165.30799865722656 118.70999908447266
115.90899658203125 163.8780059814453 122.21800231933594
114.09500122070313 161.00599670410156 124.25199890136719
114.00800323486328 159.11700439453125 127.71099853515625
113.51000213623047 155.21800231933594 127.88300323486328
114.78299713134766 152.01699829101563 129.6009979248047
114.6500015258789 149.9510040283203 126.27200317382813
117.83300018310547 149.52200317382813 124.22200012207031
116.01399993896484 148.36399841308594 121.00499725341797
114.45099639892578 151.9550018310547 120.9990005493164
117.94200134277344 153.6840057373047 120.94599914550781
119.39900207519531 151.8489990234375 117.78900146484375
118.17500305175781 154.53199768066406 115.12100219726563
120.12899780273438 156.96099853515625 117.25299835205078
123.06300354003906 154.61599731445313 118.16799926757813
124.11299896240234 153.62100219726563 114.59100341796875
123.61100006103516 157.23899841308594 113.197998046875
126.51699829101563 159.39700317382813 111.77400207519531
125.36599731445313 162.11000061035156 114.35099792480469
126.72599792480469 161.6280059814453 117.84300231933594
124.36900329589844 159.96099853515625 120.36199951171875
124.91100311279297 161.0469970703125 123.98600006103516
123.38600158691406 158.64199829101563 126.4469985961914
123.20899963378906 159.36000061035156 130.18499755859375
122.51000213623047 156.781005859375 132.82899475097656
122.33999633789063 158.47900390625 136.25399780273438
121.51599884033203 157.13299560546875 139.61099243164063
122.26599884033203 153.68600463867188 140.83099365234375
119.17500305175781 153.13600158691406 143.2790069580078
118.44100189208984 150.07899475097656 140.94400024414063
121.15699768066406 147.88499450683594 139.35000610351563
119.22799682617188 146.31500244140625 136.39500427246094
118.91500091552734 149.18899536132813 133.8159942626953
122.62300109863281 149.9600067138672 134.4239959716797
123.38600158691406 146.16600036621094 133.77000427246094
121.20500183105469 145.96299743652344 130.58099365234375
122.89700317382813 149.11700439453125 129.3520050048828
126.2979965209961 147.802001953125 130.33299255371094
125.65299987792969 144.52999877929688 128.3419952392578
124.4540023803711 146.67799377441406 125.41500091552734
127.72000122070313 148.79299926757813 125.46099853515625
130.14300537109375 145.89199829101563 126.25800323486328
130.98500061035156 146.37399291992188 129.93800354003906
131.48399353027344 142.71099853515625 131.08999633789063
129.99000549316406 141.89100646972656 134.54600524902344
133.32400512695313 141.8560028076172 136.45899963378906
134.08900451660156 145.32899475097656 135.08399963378906
130.64599609375 146.7429962158203 136.1909942626953
131.1649932861328 145.61599731445313 139.78900146484375
134.53700256347656 147.4290008544922 139.79600524902344
132.98800659179688 150.62399291992188 138.36599731445313
130.5959930419922 150.57000732421875 141.43699645996094
133.55299377441406 149.97500610351563 143.6999969482422
135.34300231933594 152.8070068359375 145.656005859375
138.83200073242188 151.7760009765625 144.3730010986328
138.14999389648438 152.87600708007813 140.68299865722656
139.2239990234375 156.57899475097656 140.62399291992188
140.19200134277344 158.45599365234375 137.48800659179688
142.6300048828125 156.2100067138672 135.3260040283203
142.7259979248047 155.17599487304688 131.64500427246094
142.33299255371094 151.4409942626953 130.5070037841797
143.87899780273438 150.7790069580078 127.06600189208984
142.6199951171875 147.8350067138672 124.91899871826172
142.97300720214844 146.75 121.25900268554688
141.76199340820313 149.71400451660156 119.22000122070313
139.52999877929688 151.08299255371094 121.99700164794922
140.19200134277344 153.1020050048828 125.22799682617188
138.072998046875 153.27200317382813 128.51800537109375
138.33900451660156 156.41900634765625 130.73199462890625
137.58799743652344 157.1479949951172 134.43499755859375
136.7740020751953 160.80599975585938 135.23899841308594
135.5540008544922 162.97999572753906 138.23599243164063
133.1580047607422 165.86900329589844 139.08700561523438
134.33799743652344 167.69500732421875 142.0970001220703
132.7169952392578 169.34800720214844 145.16900634765625
134.83299255371094 171.12899780273438 147.70399475097656
133.70399475097656 172.36900329589844 151.1909942626953
135.552001953125 175.2530059814453 152.81300354003906
133.54200744628906 175.25 156.197998046875
135.55099487304688 172.02699279785156 156.8939971923828
138.55499267578125 171.343994140625 154.4250030517578
137.26100158691406 168.36300659179688 152.35899353027344
138.24200439453125 167.69200134277344 148.7760009765625
135.38400268554688 165.24099731445313 147.7570037841797
134.91099548339844 162.76600646972656 144.843994140625
132.0279998779297 161.8780059814453 142.39199829101563
132.92300415039063 159.36500549316406 139.71099853515625
131.93499755859375 159.65199279785156 135.96099853515625
132.86700439453125 156.80999755859375 133.59300231933594
132.73300170898438 157.1959991455078 129.83099365234375
132.8070068359375 154.7449951171875 126.83599853515625
132.85000610351563 155.44000244140625 123.05500030517578
131.3990020751953 152.61399841308594 120.8499984741211
131.26499938964844 153.90499877929688 117.33399963378906
130.16799926757813 157.5540008544922 117.63500213623047
127.84100341796875 156.79400634765625 120.53800201416016
129.07000732421875 157.79299926757813 124.0510025024414
127.88899993896484 156.11900329589844 127.23400115966797
128.22000122070313 158.24099731445313 130.28900146484375
127.70999908447266 156.5850067138672 133.75799560546875
127.32599639892578 159.55799865722656 136.0240020751953
126.75499725341797 159.34500122070313 139.8209991455078
126.95700073242188 163.1199951171875 139.42999267578125
125.31199645996094 164.9709930419922 136.65499877929688
127.5530014038086 167.1719970703125 134.35899353027344
126.9540023803711 170.60499572753906 132.91400146484375
128.84300231933594 169.21800231933594 129.95599365234375
126.74500274658203 169.43899536132813 126.61100006103516
123.69100189208984 169.72999572753906 128.80099487304688
123.65899658203125 173.75100708007813 128.9429931640625
124.7300033569336 174.10499572753906 125.21800231933594
121.5739974975586 171.96800231933594 124.63099670410156
119.33200073242188 174.46400451660156 126.47799682617188
120.30699920654297 177.05099487304688 123.8219985961914
119.56900024414063 174.49000549316406 121.07499694824219
116.14099884033203 173.43899536132813 122.63200378417969
114.62999725341797 176.76800537109375 123.54000091552734
115.91600036621094 178.73399353027344 120.35900115966797
117.99700164794922 181.35499572753906 122.26200103759766
120.302001953125 184.02000427246094 120.52400207519531
123.56700134277344 182.25599670410156 121.54100036621094
123.46099853515625 179.34100341796875 119.05999755859375
122.9749984741211 181.7989959716797 116.25199890136719
125.38899993896484 184.58900451660156 117.39299774169922
128.40199279785156 182.2550048828125 117.99600219726563
129.8459930419922 179.26300048828125 116.04100036621094
130.0780029296875 175.7449951171875 117.43900299072266
133.94200134277344 175.63999938964844 117.76300048828125
133.77000427246094 178.97500610351563 119.63200378417969
130.9550018310547 177.76199340820313 121.89399719238281
133.16200256347656 174.74899291992188 122.63400268554688
135.85499572753906 177.26300048828125 123.64199829101563
133.46600341796875 179.0679931640625 126.04000091552734
132.58399963378906 175.83200073242188 127.74400329589844
136.19200134277344 174.84800720214844 128.3769989013672
137.0989990234375 178.35499572753906 129.6699981689453
134.34500122070313 178.27999877929688 132.35899353027344
135.50599670410156 174.74099731445313 133.572998046875
139.24600219726563 175.89999389648438 133.78900146484375
138.1300048828125 179.33799743652344 135.468994140625
136.52099609375 177.0989990234375 138.19200134277344
139.89100646972656 175.35899353027344 138.81199645996094
141.53900146484375 178.83999633789063 139.3419952392578
138.78799438476563 179.67599487304688 141.87100219726563
139.052001953125 176.3300018310547 143.54299926757813
142.906005859375 176.5500030517578 143.95199584960938
142.4949951171875 180.04299926757813 145.4980010986328
140.0290069580078 178.4199981689453 148.05299377441406
142.76100158691406 175.86700439453125 148.9290008544922
145.35800170898438 178.718994140625 149.06199645996094
143.45599365234375 180.2469940185547 151.98800659179688
143.73399353027344 176.96499633789063 153.8509979248047
147.52999877929688 176.47300720214844 153.41099548339844
148.0780029296875 179.90199279785156 154.8769989013672
145.82200622558594 179.11500549316406 157.8780059814453
147.46400451660156 175.80099487304688 158.68499755859375
150.9219970703125 177.4320068359375 158.3040008544922
150.49899291992188 179.89100646972656 161.07400512695313
148.9600067138672 176.91600036621094 163.21099853515625
152.29400634765625 175.04600524902344 162.71499633789063
154.67300415039063 178.10299682617188 162.822998046875
153.27099609375 179.64500427246094 166.0469970703125
151.49600219726563 177.34100341796875 168.5760040283203
151.10800170898438 173.5070037841797 168.05799865722656
147.5590057373047 172.39100646972656 168.8260040283203
145.54200744628906 169.03700256347656 168.65199279785156
144.2989959716797 167.6750030517578 165.2239990234375
146.88299560546875 169.76499938964844 163.35299682617188
148.93099975585938 166.68699645996094 162.26199340820313
145.73699951171875 165.0050048828125 160.95700073242188
144.99400329589844 168.3260040283203 159.18299865722656
148.53700256347656 168.54600524902344 157.81300354003906
148.0800018310547 164.9810028076172 156.5489959716797
144.57000732421875 165.69700622558594 155.01100158691406
145.8820037841797 168.85400390625 153.15499877929688
148.93299865722656 166.9709930419922 151.70899963378906
146.7270050048828 164.0290069580078 150.8040008544922
144.32899475097656 166.4669952392578 149.05299377441406
147.093994140625 168.3820037841797 147.23800659179688
148.62100219726563 165.10000610351563 145.9239959716797
145.15899658203125 164.052001953125 144.55299377441406
144.80999755859375 167.7519989013672 143.1479949951172
148.13099670410156 167.52699279785156 141.13999938964844
147.29299926757813 163.95799255371094 140.11199951171875
143.9250030517578 165.4459991455078 138.7830047607422
144.843994140625 168.71499633789063 137.0229949951172
148.03500366210938 167.49000549316406 135.1999969482422
146.4029998779297 164.68299865722656 133.08900451660156
143.27699279785156 166.85299682617188 132.28900146484375
144.77200317382813 168.6269989013672 129.1230010986328
144.79400634765625 165.2050018310547 127.39099884033203
141.14999389648438 164.41400146484375 128.4199981689453
139.84100341796875 167.04400634765625 125.86699676513672
142.3780059814453 165.91900634765625 123.2770004272461
141.16400146484375 162.3159942626953 123.55799865722656
137.66799926757813 163.38800048828125 122.37200164794922
138.1820068359375 166.697998046875 120.49400329589844
140.31399536132813 164.90199279785156 117.88700103759766
137.875 161.96400451660156 117.47799682617188
134.2480010986328 163.1510009765625 117.4209976196289
132.7480010986328 164.3090057373047 114.15699768066406
130.8820037841797 167.6540069580078 114.50299835205078
133.44700622558594 169.50799560546875 116.61299896240234
136.33099365234375 171.11700439453125 114.71199798583984
139.43099975585938 173.427001953125 114.91400146484375
139.74200439453125 176.7530059814453 113.02400207519531
140.4969940185547 180.43099975585938 114.14299774169922
139.72799682617188 179.1439971923828 117.58100128173828
143.26199340820313 177.72799682617188 117.47799682617188
144.94700622558594 180.91900634765625 118.58999633789063
142.14700317382813 181.3979949951172 121.19000244140625
142.78199768066406 177.843994140625 122.68800354003906
146.3979949951172 178.90199279785156 123.48999786376953
145.0919952392578 181.18899536132813 126.27400207519531
143.41200256347656 178.24200439453125 127.91999816894531
146.6199951171875 176.11000061035156 127.5
148.54800415039063 178.84500122070313 129.41099548339844
145.9969940185547 178.67300415039063 132.18299865722656
146.1719970703125 174.83399963378906 132.30099487304688
149.9499969482422 174.6580047607422 132.80499267578125
149.8070068359375 177.7169952392578 135.1959991455078
147.23500061035156 176.0500030517578 137.4029998779297
149.3040008544922 172.7830047607422 137.8090057373047
152.48500061035156 174.67799377441406 138.41099548339844
150.6540069580078 176.61700439453125 141.18800354003906
149.44900512695313 173.01199340820313 142.38900756835938
153.1510009765625 171.802001953125 142.3209991455078
154.13800048828125 174.94900512695313 144.16400146484375
151.5590057373047 174.26199340820313 147.00799560546875
152.71600341796875 170.65199279785156 147.09300231933594
156.41799926757813 171.60800170898438 148.02499389648438
155.06700134277344 174.0749969482422 150.61000061035156
152.7899932861328 171.53799438476563 152.36700439453125
155.45399475097656 168.85400390625 152.1479949951172
157.9499969482422 171.0760040283203 153.94400024414063
155.17999267578125 172.10000610351563 156.39500427246094
155.07000732421875 168.51499938964844 157.6840057373047
158.8040008544922 168.6300048828125 158.60299682617188
158.28799438476563 172.21499633789063 160.00100708007813
155.68499755859375 170.70899963378906 162.3679962158203
158.28500366210938 168.14999389648438 163.4250030517578
160.927001953125 170.7899932861328 164.031005859375
158.25 172.9739990234375 165.68800354003906
157.2740020751953 170.46600341796875 168.4499969482422
161.06300354003906 169.31900024414063 168.88699340820313
162.1490020751953 172.9029998779297 169.7220001220703
159.46099853515625 173.31300354003906 172.38699340820313
160.25599670410156 169.76499938964844 173.51800537109375
163.71299743652344 170.96200561523438 174.322998046875
162.45599365234375 174.13299560546875 175.91400146484375
160.5709991455078 172.2830047607422 178.6510009765625
163.52999877929688 169.85899353027344 179.2310028076172
165.75 172.90699768066406 179.85800170898438
163.09100341796875 174.0970001220703 182.48599243164063
162.9810028076172 170.6280059814453 184.17300415039063
166.7449951171875 170.43899536132813 184.0679931640625
167.56900024414063 173.80599975585938 185.61099243164063
164.63499450683594 173.49400329589844 188.1230010986328
165.7729949951172 169.8990020751953 189.14300537109375
169.64700317382813 170.20799255371094 189.03599548339844
169.7449951171875 172.8769989013672 191.66799926757813
167.56100463867188 170.875 194.197998046875
169.57000732421875 167.6699981689453 193.63800048828125
172.7209930419922 168.30499267578125 195.90899658203125
170.6320037841797 170.66400146484375 198.09800720214844
168.00999450683594 168.0279998779297 199.31900024414063
170.73500061035156 165.4429931640625 199.8780059814453
172.57899475097656 168.06100463867188 202.04200744628906
169.32400512695313 168.60000610351563 203.86199951171875
168.83299255371094 164.91600036621094 204.3459930419922
172.42999267578125 164.50599670410156 206.03700256347656
171.1750030517578 166.60800170898438 209.01600646972656
167.80099487304688 164.62899780273438 208.88800048828125
169.8719940185547 161.5330047607422 209.86399841308594
170.31399536132813 160.2220001220703 213.3300018310547
173.45799255371094 158.99899291992188 215.31500244140625
174.55599975585938 159.75900268554688 219.05299377441406
177.52699279785156 162.03700256347656 218.3070068359375
176.85499572753906 164.79800415039063 215.9669952392578
179.2429962158203 167.91400146484375 216.36700439453125
177.7899932861328 169.49899291992188 213.04299926757813
174.3419952392578 169.91099548339844 214.5679931640625
176.1280059814453 171.29100036621094 217.6300048828125
178.6719970703125 173.7570037841797 216.26800537109375
178.20399475097656 177.57699584960938 216.8260040283203
175.11199951171875 178.7760009765625 214.74899291992188
175.0659942626953 175.54200744628906 212.62100219726563
171.72000122070313 176.2050018310547 210.8939971923828
172.65499877929688 179.5970001220703 209.30499267578125
176.11500549316406 178.18899536132813 208.2830047607422
174.51600646972656 175.14199829101563 206.58799743652344
172.0189971923828 177.2030029296875 204.78399658203125
174.95799255371094 179.5449981689453 203.8350067138672
139.87899780273438 194.54200744628906 129.14199829101563
139.8159942626953 195.3070068359375 133.10899353027344
143.16099548339844 195.76600646972656 134.85299682617188
144.15699768066406 194.47000122070313 138.3300018310547
147.53399658203125 196.2969970703125 139.15699768066406
148.78599548339844 196.1840057373047 142.8699951171875
150.78500366210938 199.5489959716797 142.7899932861328
149.86099243164063 202.88699340820313 141.10800170898438
153.10400390625 204.77099609375 141.4550018310547
155.47500610351563 202.51199340820313 139.24200439453125
153.2209930419922 202.5070037841797 136.09800720214844
155.1510009765625 203.73899841308594 133.02699279785156
154.79800415039063 203.37899780273438 129.1580047607422
158.0399932861328 204.0970001220703 127.13300323486328
158.68499755859375 203.8719940185547 123.34100341796875
162.14599609375 203.51800537109375 121.99700164794922
163.0919952392578 203.9409942626953 118.2699966430664
166.63800048828125 202.91600036621094 117.30799865722656
169.7209930419922 202.6580047607422 114.94000244140625
173.56900024414063 202.7449951171875 115.65499877929688
173.552001953125 206.38099670410156 114.53299713134766
169.96600341796875 207.70199584960938 115.75800323486328
168.0050048828125 206.9029998779297 118.94499969482422
164.71600341796875 208.29200744628906 120.53500366210938
162.83299255371094 207.7429962158203 123.84200286865234
159.79200744628906 209.15499877929688 125.65299987792969
157.9499969482422 208.61500549316406 128.947998046875
154.2030029296875 208.88400268554688 128.1820068359375
152.5540008544922 212.1790008544922 129.25599670410156
149.28599548339844 212.6230010986328 127.46399688720703
147.35499572753906 209.88900756835938 125.6719970703125
148.54800415039063 210.57899475097656 122.10099792480469
152.1529998779297 211.3470001220703 123.1449966430664
153.61399841308594 207.94400024414063 121.75
151.22799682617188 207.73300170898438 118.79199981689453
153.2259979248047 209.8040008544922 116.10600280761719
156.17999267578125 207.41400146484375 116.55999755859375
154.2310028076172 204.24400329589844 115.37000274658203
154.6219940185547 205.00999450683594 111.7030029296875
158.4499969482422 205.7760009765625 111.88300323486328
160.58399963378906 203.45199584960938 109.71499633789063
163.21499633789063 202.5449981689453 112.44200134277344
162.27200317382813 199.3560028076172 114.41500091552734
159.93600463867188 200.26499938964844 117.42400360107422
160.77000427246094 198.81700134277344 120.91500091552734
157.8249969482422 199.33900451660156 123.197998046875
158.01699829101563 199.24000549316406 126.97699737548828
154.99099731445313 198.82699584960938 129.40499877929688
156.16900634765625 198.7830047607422 133.0189971923828
153.39599609375 198.2729949951172 135.71200561523438
149.69200134277344 198.79400634765625 134.73500061035156
147.16400146484375 201.51100158691406 135.83900451660156
145.1219940185547 203.38600158691406 133.11099243164063
143.10800170898438 201.0760040283203 130.77999877929688
142.281005859375 203.83700561523438 128.25
145.947998046875 204.35000610351563 127.13800048828125
146.72999572753906 200.64100646972656 126.8239974975586
143.53500366210938 200.0780029296875 124.927001953125
144.2519989013672 203.03900146484375 122.63999938964844
147.89300537109375 202.37100219726563 122.1709976196289
147.41700744628906 198.63299560546875 121.78299713134766
144.86099243164063 198.94400024414063 118.90899658203125
146.91299438476563 201.83099365234375 117.11399841308594
150.11399841308594 199.61300659179688 117.13400268554688
148.10299682617188 196.50100708007813 116.03099822998047
148.43299865722656 194.57000732421875 119.33999633789063
145.88600158691406 191.6820068359375 118.91999816894531
143.0030059814453 191.7169952392578 121.54499816894531
143.91400146484375 188.4250030517578 123.49099731445313
147.62399291992188 189.45599365234375 123.6729965209961
146.3990020751953 192.88999938964844 125.01300048828125
144.36599731445313 191.44000244140625 127.92900085449219
147.44900512695313 189.33999633789063 129.11000061035156
149.3730010986328 192.74200439453125 129.41099548339844
146.6199951171875 194.07200622558594 131.8520050048828
146.48699951171875 190.91200256347656 134.00399780273438
149.4499969482422 190.98800659179688 136.55599975585938
148.80999755859375 187.3470001220703 137.77000427246094
150.80299377441406 185.82000732421875 134.81199645996094
153.69500732421875 183.35400390625 135.10899353027344
155.88499450683594 181.48199462890625 132.36900329589844
154.4010009765625 180.43499755859375 128.88699340820313
154.8990020751953 180.47300720214844 125.08100128173828
152.19700622558594 181.5749969482422 122.49800109863281
152.88400268554688 180.26100158691406 118.9739990234375
151.78199768066406 182.0189971923828 115.72699737548828
152.60400390625 182.7469940185547 112.04299926757813
152.79600524902344 186.57899475097656 112.48500061035156
153.92300415039063 186.83799743652344 116.21199798583984
155.5850067138672 185.02499389648438 119.19999694824219
154.8730010986328 185.61900329589844 123.01200103759766
157.0070037841797 184.3730010986328 125.85800170898438
156.51100158691406 184.83399963378906 129.64999389648438
159.36900329589844 184.76400756835938 132.2220001220703
159.5800018310547 185.77499389648438 135.947998046875
162.01699829101563 187.46400451660156 138.33900451660156
161.90899658203125 187.68600463867188 142.15199279785156
162.66900634765625 190.47000122070313 144.64300537109375
163.77499389648438 190.1300048828125 148.41000366210938
163.82200622558594 193.56700134277344 150.06399536132813
166.96099853515625 193.23500061035156 152.30299377441406
166.98500061035156 194.06399536132813 156.17300415039063
163.5 192.50599670410156 156.05099487304688
161.86900329589844 189.2050018310547 155.14199829101563
159.37899780273438 190.49099731445313 152.58799743652344
158.56700134277344 188.75999450683594 149.2259979248047
157.71200561523438 190.75999450683594 146.08599853515625
157.88900756835938 189.3800048828125 142.51400756835938
158.00599670410156 190.7209930419922 138.91400146484375
156.98800659179688 188.8419952392578 135.74899291992188
158.85800170898438 189.82000732421875 132.57899475097656
156.96200561523438 189.36099243164063 129.2949981689453
158.00399780273438 189.86399841308594 125.73999786376953
156.00100708007813 189.72300720214844 122.45500183105469
157.51199340820313 190.072998046875 119.00299835205078
154.89700317382813 191.4969940185547 116.49400329589844
155.5540008544922 193.23800659179688 113.08899688720703
158.43600463867188 195.91099548339844 113.1760025024414
157.75 196.1820068359375 116.91300201416016
159.2760009765625 194.44000244140625 120.00499725341797
156.7760009765625 194.77000427246094 122.91899871826172
158.23500061035156 194.55499267578125 126.427001953125
156.1060028076172 194.2550048828125 129.57699584960938
157.66299438476563 194.5959930419922 133.09100341796875
156.0399932861328 194.84300231933594 136.531005859375
158.822998046875 197.04200744628906 137.91299438476563
161.83700561523438 199.13299560546875 136.5489959716797
164.8000030517578 196.8249969482422 135.7010040283203
167.73300170898438 196.0850067138672 138.04100036621094
168.72000122070313 192.24200439453125 138.02099609375
167.28399658203125 191.66000366210938 134.4250030517578
168.51600646972656 195.07400512695313 132.98199462890625
171.33900451660156 193.39700317382813 130.8820037841797
168.94700622558594 191.1540069580078 129.10400390625
166.6009979248047 193.94200134277344 127.85900115966797
169.6929931640625 195.7949981689453 126.7959976196289
170.87899780273438 192.80499267578125 124.66500091552734
167.468994140625 192.4510040283203 122.85600280761719
167.01800537109375 196.1840057373047 122.33599853515625
170.64599609375 197.01800537109375 121.24700164794922
171.21099853515625 193.76499938964844 119.12799835205078
174.34800720214844 192.71800231933594 121.10399627685547
176.50999450683594 189.93099975585938 119.52300262451172
174.87899780273438 186.64199829101563 118.45700073242188
171.13999938964844 187.73300170898438 118.87100219726563
171.32000732421875 190.39300537109375 116.01100158691406
168.3489990234375 190.80299377441406 113.63200378417969
167.28799438476563 187.16600036621094 113.5530014038086
163.79800415039063 185.2220001220703 113.2979965209961
161.74600219726563 184.52999877929688 116.40699768066406
162.54800415039063 180.7449951171875 116.8290023803711
166.2270050048828 181.7729949951172 116.82599639892578
165.45799255371094 184.83399963378906 119.11599731445313
163.8159942626953 182.24000549316406 121.53299713134766
166.98599243164063 179.97500610351563 121.60600280761719
168.968994140625 183.22000122070313 122.11599731445313
166.6439971923828 184.16299438476563 125.01799774169922
167.36199951171875 180.85800170898438 126.60600280761719
171.1750030517578 181.61700439453125 126.34600067138672
170.6179962158203 185.1320037841797 127.95099639892578
168.18899536132813 183.68499755859375 130.57400512695313
171.0489959716797 181.52999877929688 132.09500122070313
172.9219970703125 184.63900756835938 133.42100524902344
169.83799743652344 186.11900329589844 135.13499450683594
169.99899291992188 183.69900512695313 138.13400268554688
173.68800354003906 184.61500549316406 138.32400512695313
172.73599243164063 188.26100158691406 138.78599548339844
170.16799926757813 187.28500366210938 141.44000244140625
172.63800048828125 184.9770050048828 143.26100158691406
174.25599670410156 187.63299560546875 145.68899536132813
170.8990020751953 188.6929931640625 147.1479949951172
169.92599487304688 185.1649932861328 148.3000030517578
173.38600158691406 184.34500122070313 149.593994140625
173.41200256347656 186.94500732421875 152.4029998779297
170.15699768066406 185.5229949951172 153.96400451660156
171.68699645996094 181.94500732421875 153.57899475097656
174.98599243164063 182.74899291992188 155.4600067138672
173.14999389648438 184.77699279785156 158.05799865722656
170.62899780273438 182.04600524902344 158.6580047607422
173.3249969482422 179.29200744628906 158.572998046875
175.281005859375 180.7550048828125 161.5540008544922
171.8300018310547 181.18899536132813 163.43699645996094
171.1060028076172 177.46499633789063 162.8419952392578
174.6719970703125 176.1580047607422 163.63699340820313
174.6009979248047 178.12899780273438 166.9810028076172
171.60000610351563 179.10699462890625 169.21299743652344
168.57699584960938 177.1439971923828 167.63900756835938
166.08299255371094 179.04299926757813 169.843994140625
162.54200744628906 180.23300170898438 168.85800170898438
161.62899780273438 182.05599975585938 165.65699768066406
164.78799438476563 180.5970001220703 163.78500366210938
162.5959930419922 177.7530059814453 162.48800659179688
159.95799255371094 180.25 161.3520050048828
162.75399780273438 182.1219940185547 159.44200134277344
163.9739990234375 178.78700256347656 157.7270050048828
160.35299682617188 178.447998046875 156.52000427246094
160.27499389648438 182.0800018310547 155.3560028076172
163.45599365234375 181.5240020751953 153.39300537109375
161.9980010986328 178.16700744628906 152.0279998779297
158.79299926757813 179.9199981689453 151.01300048828125
160.56700134277344 182.6540069580078 149.14199829101563
162.94000244140625 180.01800537109375 147.6219940185547
159.9969940185547 178.22799682617188 146.00399780273438
158.60899353027344 181.4149932861328 144.52000427246094
162.11700439453125 181.8470001220703 142.86700439453125
162.16700744628906 178.06199645996094 141.75399780273438
158.65899658203125 178.48300170898438 140.23699951171875
160.38800048828125 180.49000549316406 137.48699951171875
162.71600341796875 177.78700256347656 136.07200622558594
160.26300048828125 174.86300659179688 136.70199584960938
157.74000549316406 174.86500549316406 133.88499450683594
160.09500122070313 176.03399658203125 130.9810028076172
160.93499755859375 172.3699951171875 130.16299438476563
157.25 171.593994140625 129.4759979248047
156.56700134277344 174.968994140625 127.7959976196289
158.77099609375 173.98599243164063 124.93000030517578
157.78700256347656 170.2449951171875 125.14299774169922
154.29299926757813 171.60699462890625 124.45800018310547
155.5399932861328 173.33999633789063 121.24500274658203
157.1840057373047 170.07899475097656 120.0270004272461
153.9530029296875 168.072998046875 120.55999755859375
151.0469970703125 169.83999633789063 118.697998046875
151.4770050048828 173.25799560546875 116.875
150.20799255371094 173.98899841308594 113.3489990234375
152.26699829101563 177.2729949951172 112.38899993896484
155.73500061035156 176.37600708007813 113.88300323486328
158.36599731445313 174.52000427246094 111.88899993896484
159.65199279785156 171.35400390625 113.67500305175781
162.71400451660156 171.17599487304688 111.22699737548828
164.2270050048828 174.44700622558594 112.50900268554688
162.96600341796875 173.88699340820313 115.98100280761719
164.65499877929688 170.4340057373047 116.64800262451172
168.4550018310547 171.38800048828125 116.78099822998047
167.5919952392578 174.2899932861328 119.29399871826172
165.38699340820313 172.46299743652344 121.95800018310547
167.11900329589844 169.11199951171875 121.9219970703125
170.2169952392578 170.9810028076172 123.32599639892578
168.06399536132813 173.3280029296875 125.61299896240234
166.44700622558594 170.5709991455078 127.64700317382813
169.8679962158203 169.56100463867188 129.06199645996094
171.02499389648438 173.19700622558594 129.55299377441406
167.71099853515625 173.7259979248047 131.48500061035156
169.26699829101563 171.1580047607422 134.08200073242188
172.31700134277344 173.57899475097656 134.3000030517578
170.0019989013672 176.3280029296875 135.41700744628906
167.87399291992188 173.95700073242188 137.49899291992188
171.0469970703125 173.06300354003906 139.36500549316406
171.95899963378906 176.78399658203125 139.8560028076172
168.4499969482422 177.05599975585938 141.38900756835938
168.94900512695313 173.63099670410156 143.11599731445313
172.23599243164063 174.7270050048828 144.718994140625
170.15899658203125 176.7989959716797 147.01600646972656
167.02000427246094 174.66799926757813 146.88800048828125
168.7779998779297 171.68600463867188 148.4709930419922
170.6219940185547 173.927001953125 150.94000244140625
167.5399932861328 175.8000030517578 152.2740020751953
165.80599975585938 172.41299438476563 152.197998046875
168.906005859375 170.66700744628906 153.97799682617188
169.1529998779297 173.37600708007813 156.5679931640625
165.7270050048828 172.61300659179688 158.02000427246094
167.04299926757813 169.13400268554688 158.74200439453125
170.28599548339844 170.82000732421875 160.1719970703125
167.9429931640625 172.6320037841797 162.64700317382813
166.20799255371094 169.33900451660156 163.50599670410156
169.35299682617188 167.3489990234375 163.9080047607422
171.08700561523438 170.0919952392578 165.85499572753906
168.27499389648438 170.40699768066406 168.46499633789063
168.25999450683594 166.60499572753906 169.0189971923828
171.9739990234375 166.78599548339844 169.91299438476563
171.33200073242188 169.84300231933594 172.20799255371094
168.2989959716797 167.8699951171875 173.7259979248047
170.7760009765625 164.87600708007813 174.3249969482422
173.18600463867188 167.44000244140625 175.93499755859375
170.43899536132813 168.66600036621094 178.20799255371094
168.8249969482422 165.29200744628906 178.9770050048828
172.31700134277344 163.89599609375 179.96800231933594
172.81100463867188 166.60400390625 182.73500061035156
169.31300354003906 165.69700622558594 184.2790069580078
170.5500030517578 162.031005859375 184.13999938964844
174.0279998779297 162.33299255371094 185.79400634765625
172.7100067138672 164.5679931640625 188.55999755859375
169.68600463867188 162.39599609375 189.51699829101563
171.7899932861328 159.1529998779297 189.88699340820313
174.25599670410156 160.91000366210938 192.22000122070313
171.14700317382813 161.78900146484375 194.26400756835938
168.47900390625 159.156005859375 194.29600524902344
170.64999389648438 156.35299682617188 195.79600524902344
172.2899932861328 158.5570068359375 198.42799377441406
169.0780029296875 160.35000610351563 199.44700622558594
167.58399963378906 156.76199340820313 199.91200256347656
170.38299560546875 155.98399353027344 202.40899658203125
169.66700744628906 159.3489990234375 204.2030029296875
166.0679931640625 158.23800659179688 204.4980010986328
166.81399536132813 154.87600708007813 206.1540069580078
169.06100463867188 156.3939971923828 209.0
166.41299438476563 159.21200561523438 209.4040069580078
163.406005859375 157.01300048828125 209.9459991455078
162.11099243164063 156.21299743652344 213.39999389648438
162.58900451660156 152.6959991455078 214.8470001220703
163.0469970703125 151.1840057373047 218.35000610351563
166.10299682617188 149.36000061035156 216.9510040283203
168.9040069580078 151.15199279785156 215.00399780273438
172.81399536132813 150.45700073242188 214.6820068359375
173.31199645996094 153.78199768066406 216.91299438476563
174.06700134277344 152.04100036621094 220.19000244140625
175.54800415039063 148.78599548339844 218.677001953125
178.50399780273438 150.22900390625 216.64599609375
180.7239990234375 153.28500366210938 217.39199829101563
181.43499755859375 155.83399963378906 214.5760040283203
177.91000366210938 155.4409942626953 212.9720001220703
177.9429931640625 159.00399780273438 211.468994140625
181.26600646972656 159.218994140625 209.6719970703125
180.9759979248047 155.74200439453125 208.093994140625
177.74200439453125 156.67300415039063 206.28199768066406
179.50799560546875 159.52699279785156 204.54100036621094
182.1929931640625 156.8679962158203 203.60699462890625
179.60499572753906 154.61599731445313 202.13099670410156
185.51499938964844 194.40499877929688 129.7050018310547
185.35899353027344 193.63499450683594 133.46200561523438
187.70700073242188 191.56700134277344 135.53599548339844
186.18899536132813 189.9340057373047 138.68800354003906
189.18800354003906 187.71099853515625 139.6020050048828
190.84100341796875 187.97000122070313 142.95399475097656
194.39700317382813 188.09800720214844 141.6280059814453
196.3280029296875 191.39700317382813 141.91400146484375
199.78500366210938 189.8470001220703 141.2550048828125
202.4409942626953 188.91099548339844 138.7050018310547
201.4340057373047 188.71299743652344 134.9709930419922
203.16900634765625 186.05499267578125 132.7519989013672
202.9929962158203 184.99099731445313 129.1300048828125
204.7899932861328 181.8350067138672 127.95500183105469
204.96600341796875 180.6230010986328 124.36599731445313
205.7010040283203 177.0469970703125 123.43299865722656
206.0540008544922 176.2100067138672 119.8499984741211
206.9149932861328 172.5760040283203 119.23899841308594
207.06199645996094 170.13400268554688 116.22699737548828
208.8939971923828 166.88600158691406 115.34500122070313
211.84500122070313 168.9550018310547 114.16100311279297
211.77699279785156 172.69000244140625 115.16500091552734
210.80599975585938 174.01300048828125 118.63400268554688
211.06100463867188 177.3719940185547 120.49600219726563
210.25599670410156 178.10499572753906 124.17900085449219
210.33200073242188 181.40699768066406 126.05500030517578
208.7530059814453 183.4810028076172 128.95700073242188
207.98599243164063 187.2030029296875 128.68099975585938
205.66600036621094 190.1199951171875 129.7519989013672
205.3209991455078 192.2010040283203 126.53299713134766
202.28199768066406 191.46200561523438 124.26399993896484
204.16799926757813 192.343994140625 121.05799865722656
206.86199951171875 189.62899780273438 121.76699829101563
204.27099609375 186.96400451660156 121.5
201.98500061035156 188.67300415039063 118.80999755859375
202.53500366210938 187.03799438476563 115.31500244140625
202.27999877929688 183.35499572753906 116.50299835205078
198.5679931640625 183.1009979248047 115.45999908447266
199.93099975585938 182.33799743652344 111.875
202.6020050048828 179.73599243164063 112.76399993896484
202.5659942626953 176.45899963378906 110.61100006103516
204.16799926757813 174.5749969482422 113.552001953125
201.68699645996094 173.91600036621094 116.56999969482422
201.9290008544922 176.83399963378906 118.9530029296875
200.63099670410156 176.50100708007813 122.50399780273438
200.7760009765625 179.8730010986328 124.2770004272461
200.03399658203125 180.63400268554688 127.9729995727539
198.91000366210938 183.9810028076172 129.44200134277344
198.4239959716797 183.98500061035156 133.17999267578125
197.06300354003906 187.14300537109375 135.22000122070313
193.73800659179688 188.97900390625 134.66700744628906
194.61399841308594 192.39700317382813 135.86300659179688
195.96200561523438 193.26400756835938 132.46099853515625
192.6490020751953 193.97999572753906 130.60800170898438
194.46400451660156 195.99400329589844 128.06100463867188
196.6280059814453 192.98500061035156 127.1500015258789
193.61700439453125 190.5919952392578 127.02899932861328
191.91799926757813 193.0800018310547 124.6520004272461
195.05099487304688 193.67999267578125 122.39800262451172
195.87899780273438 189.99200439453125 121.9020004272461
192.14999389648438 189.04600524902344 121.3550033569336
191.7779998779297 191.9149932861328 118.84100341796875
194.91700744628906 190.6529998779297 116.8550033569336
193.36700439453125 187.156005859375 117.00700378417969
189.77499389648438 188.1490020751953 115.74500274658203
188.04800415039063 187.12100219726563 118.89099884033203
184.38800048828125 188.37899780273438 119.21700286865234
183.5050048828125 191.1300048828125 121.88300323486328
181.35800170898438 188.78199768066406 124.13800048828125
184.0330047607422 186.1529998779297 124.24700164794922
186.53199768066406 188.79100036621094 125.69300079345703
184.08799743652344 189.96499633789063 128.34500122070313
183.25100708007813 186.4029998779297 129.16099548339844
187.02499389648438 185.3350067138672 129.54100036621094
187.5800018310547 188.21499633789063 131.97999572753906
184.41700744628906 187.2480010986328 134.07699584960938
185.38299560546875 184.44000244140625 136.5050048828125
181.8179931640625 183.7830047607422 137.88800048828125
180.05299377441406 181.91799926757813 134.9980010986328
179.48199462890625 178.08299255371094 134.76400756835938
181.39999389648438 176.0030059814453 132.10499572753906
180.66299438476563 176.2050018310547 128.25100708007813
181.88099670410156 175.6649932861328 124.69000244140625
181.07400512695313 177.9409942626953 121.7770004272461
182.18899536132813 177.19900512695313 118.10399627685547
182.90699768066406 180.11199951171875 115.63099670410156
183.75 180.35800170898438 111.85800170898438
187.55099487304688 180.93899536132813 112.61399841308594
187.88600158691406 179.8350067138672 116.24500274658203
186.718994140625 177.61599731445313 119.19599914550781
186.1999969482422 179.06100463867188 122.71700286865234
186.25999450683594 176.4219970703125 125.54499816894531
185.78900146484375 177.08200073242188 129.34800720214844
187.0919952392578 174.92599487304688 132.2100067138672
187.36000061035156 175.15899658203125 136.08900451660156
190.3040008544922 174.33900451660156 138.20899963378906
189.7899932861328 173.10899353027344 141.72799682617188
192.01400756835938 173.27000427246094 144.74000549316406
191.12899780273438 171.99099731445313 148.25799560546875
193.125 171.8070068359375 151.5229949951172
192.0970001220703 169.26499938964844 154.2310028076172
192.70399475097656 171.69400024414063 157.21099853515625
190.81399536132813 174.5290069580078 155.6439971923828
187.36599731445313 172.63900756835938 155.1439971923828
186.60899353027344 174.65199279785156 151.91299438476563
186.4499969482422 174.2270050048828 148.08900451660156
188.36900329589844 176.9720001220703 146.06399536132813
188.4759979248047 177.39199829101563 142.25900268554688
190.2949981689453 179.20599365234375 139.4320068359375
188.76699829101563 179.67100524902344 135.843994140625
190.80099487304688 178.25799560546875 132.85800170898438
189.8040008544922 179.19900512695313 129.3350067138672
191.36700439453125 178.3159942626953 125.94300079345703
191.0919952392578 179.30799865722656 122.24500274658203
191.77499389648438 176.99899291992188 119.28800201416016
192.39100646972656 178.82899475097656 115.96199798583984
194.32699584960938 177.09800720214844 113.01399993896484
197.4929962158203 175.42100524902344 114.60399627685547
197.4929962158203 178.0330047607422 117.51300048828125
196.1230010986328 177.4010009765625 120.91699981689453
195.95899963378906 180.27699279785156 123.42400360107422
195.7100067138672 179.2050018310547 127.06800079345703
194.39999389648438 181.66700744628906 129.77099609375
194.53700256347656 181.44400024414063 133.64700317382813
193.65199279785156 183.5030059814453 136.6999969482422
196.96400451660156 182.58900451660156 138.38099670410156
199.54600524902344 179.90499877929688 138.29100036621094
198.1510009765625 176.6790008544922 139.8249969482422
200.1230010986328 174.0659942626953 137.77699279785156
197.1199951171875 172.16900634765625 136.2239990234375
199.11500549316406 172.30799865722656 132.96099853515625
202.1490020751953 170.6750030517578 134.65899658203125
201.6909942626953 167.16799926757813 133.04600524902344
201.2010040283203 168.95700073242188 129.69700622558594
204.39199829101563 170.77000427246094 130.1510009765625
206.12899780273438 167.4759979248047 131.0760040283203
205.36900329589844 165.72500610351563 127.77400207519531
206.48899841308594 168.80599975585938 125.96199798583984
209.8040008544922 169.16700744628906 128.01199340820313
211.09500122070313 165.64599609375 128.3719940185547
209.7790069580078 164.4720001220703 124.91300201416016
207.36900329589844 161.8769989013672 126.33499908447266
204.90899658203125 159.89999389648438 124.13800048828125
203.75 161.23199462890625 120.7249984741211
202.79800415039063 164.82200622558594 121.62300109863281
205.21800231933594 166.76600646972656 119.39600372314453
204.0780029296875 165.23399353027344 116.11799621582031
200.28900146484375 165.74200439453125 116.31600189208984
198.5780029296875 169.072998046875 115.77400207519531
197.14500427246094 171.87600708007813 118.00399780273438
193.86300659179688 170.0959930419922 118.2699966430664
195.89100646972656 167.4429931640625 120.11799621582031
197.6929931640625 170.0500030517578 122.25199890136719
194.1230010986328 171.21200561523438 123.25
193.4739990234375 167.50799560546875 124.15599822998047
196.7259979248047 167.20700073242188 126.23899841308594
195.49200439453125 170.2969970703125 128.1199951171875
192.03599548339844 168.7779998779297 128.90899658203125
193.6219940185547 165.39500427246094 129.8000030517578
195.66600036621094 167.05599975585938 132.5489959716797
192.572998046875 169.08399963378906 133.7530059814453
190.31500244140625 165.95599365234375 134.1479949951172
193.156005859375 163.9709930419922 135.76600646972656
193.79299926757813 166.8209991455078 138.3979949951172
190.0050048828125 166.906005859375 139.0500030517578
190.1179962158203 162.98800659179688 139.5780029296875
192.85000610351563 163.38699340820313 142.27999877929688
190.83900451660156 166.0800018310547 144.031005859375
187.5330047607422 164.02200317382813 143.90499877929688
189.4770050048828 161.5070037841797 145.86000061035156
190.43800354003906 163.97799682617188 148.5760040283203
186.73800659179688 164.86399841308594 148.85899353027344
185.97900390625 161.01499938964844 149.177001953125
188.5050048828125 160.7530059814453 151.97999572753906
186.9720001220703 163.57000732421875 153.95700073242188
183.53799438476563 161.94500732421875 153.59300231933594
185.0290069580078 158.51699829101563 154.625
186.49200439453125 160.177001953125 157.73300170898438
183.3070068359375 162.08299255371094 158.4320068359375
180.9949951171875 158.8699951171875 158.21800231933594
183.33399963378906 157.04200744628906 160.77200317382813
183.12100219726563 160.05799865722656 163.1929931640625
179.322998046875 160.20700073242188 163.0399932861328
179.06300354003906 156.63699340820313 164.3419952392578
181.8000030517578 156.9429931640625 166.9600067138672
181.4810028076172 160.48500061035156 168.39999389648438
178.28500366210938 161.64199829101563 170.2760009765625
180.0469970703125 165.01499938964844 169.98500061035156
178.78700256347656 168.4429931640625 168.72000122070313
181.41299438476563 168.82699584960938 165.91400146484375
180.11500549316406 166.5679931640625 163.0989990234375
176.8780059814453 168.38299560546875 162.64100646972656
178.50399780273438 171.6060028076172 161.39599609375
181.031005859375 169.5 159.39100646972656
177.9969940185547 167.6820068359375 157.78399658203125
176.447998046875 170.97999572753906 156.51199340820313
179.83299255371094 172.3209991455078 155.36399841308594
180.63299560546875 169.09500122070313 153.43600463867188
177.21800231933594 169.26600646972656 152.1020050048828
177.57000732421875 172.9499969482422 150.9530029296875
180.9980010986328 172.08999633789063 149.3090057373047
179.5489959716797 169.09100341796875 147.5449981689453
176.3679962158203 170.80999755859375 146.35899353027344
178.3070068359375 173.88099670410156 145.13600158691406
180.61399841308594 171.47999572753906 143.08099365234375
177.71400451660156 169.7530059814453 141.09300231933594
176.76600646972656 173.08099365234375 139.5399932861328
180.08799743652344 172.99000549316406 137.6269989013672
180.76800537109375 169.2310028076172 137.0279998779297
177.35000610351563 168.2209930419922 135.95799255371094
177.00799560546875 170.4510040283203 132.7779998779297
180.68899536132813 169.8350067138672 131.94900512695313
179.28700256347656 166.58599853515625 130.43899536132813
177.76400756835938 168.9320068359375 127.72599792480469
181.1820068359375 170.7550048828125 127.34600067138672
182.8459930419922 167.45700073242188 126.3499984741211
179.69700622558594 166.08999633789063 124.51399993896484
179.10499572753906 169.13699340820313 122.37100219726563
182.6790008544922 169.0970001220703 121.04900360107422
182.7220001220703 165.2570037841797 120.56300354003906
179.65499877929688 165.23500061035156 118.10700225830078
180.09500122070313 168.32400512695313 116.08100128173828
183.9149932861328 168.5959930419922 115.52100372314453
183.96099853515625 171.7209930419922 113.18399810791016
187.697998046875 172.72799682617188 112.375
189.2050018310547 169.66000366210938 114.10399627685547
190.26699829101563 166.4929962158203 111.98600006103516
187.79100036621094 163.49600219726563 111.83899688720703
190.62899780273438 161.01600646972656 112.1969985961914
192.85400390625 160.43499755859375 115.33100128173828
191.4969940185547 163.3939971923828 117.29199981689453
187.8730010986328 162.01699829101563 117.46299743652344
188.55099487304688 158.53599548339844 119.08999633789063
190.85899353027344 160.5489959716797 121.51300048828125
187.86399841308594 162.76699829101563 122.43399810791016
185.6739959716797 159.66099548339844 122.81999969482422
188.03399658203125 158.19700622558594 125.52200317382813
188.02099609375 161.51600646972656 127.58699798583984
184.2830047607422 161.91700744628906 126.8479995727539
183.82699584960938 158.4949951171875 128.5500030517578
185.84300231933594 159.5590057373047 131.49000549316406
183.9969940185547 162.76400756835938 132.10400390625
180.69700622558594 160.72000122070313 132.40199279785156
182.3300018310547 158.36700439453125 134.96099853515625
183.5749969482422 161.4409942626953 136.95399475097656
180.05499267578125 163.0070037841797 136.8300018310547
178.6649932861328 159.6230010986328 137.9290008544922
180.98199462890625 159.5449981689453 140.8990020751953
180.02499389648438 163.18299865722656 141.7050018310547
176.18899536132813 162.3470001220703 141.8520050048828
176.99400329589844 158.95899963378906 143.53599548339844
178.7530059814453 160.96600341796875 146.4239959716797
175.73399353027344 163.29800415039063 146.84800720214844
173.74400329589844 160.31399536132813 147.94900512695313
176.32699584960938 159.81399536132813 150.8000030517578
175.9499969482422 163.30499267578125 152.24200439453125
172.1649932861328 163.2050018310547 151.7480010986328
171.8350067138672 160.4709930419922 154.33599853515625
174.7899932861328 161.14599609375 156.50799560546875
172.90699768066406 163.88499450683594 158.44500732421875
170.18600463867188 161.281005859375 159.1479949951172
172.70599365234375 158.51199340820313 160.27200317382813
173.76199340820313 161.21099853515625 162.72500610351563
170.11500549316406 161.87100219726563 163.91799926757813
169.55599975585938 158.11700439453125 164.13400268554688
172.552001953125 157.63099670410156 166.27000427246094
171.61399841308594 160.5760040283203 168.61199951171875
168.01800537109375 159.36500549316406 168.86500549316406
169.28199768066406 155.87899780273438 169.9029998779297
171.89999389648438 157.28599548339844 172.40499877929688
169.1959991455078 159.53599548339844 173.93899536132813
166.99099731445313 156.39100646972656 174.4290008544922
169.77200317382813 154.61099243164063 176.27200317382813
170.36500549316406 157.77200317382813 178.3280029296875
166.52099609375 157.77999877929688 179.13299560546875
166.5590057373047 154.05499267578125 179.92300415039063
169.46099853515625 154.572998046875 182.3990020751953
167.4949951171875 157.57699584960938 183.91700744628906
164.29800415039063 155.46099853515625 184.06300354003906
165.89500427246094 152.4550018310547 185.94400024414063
167.34500122070313 154.85699462890625 188.593994140625
164.16400146484375 156.79600524902344 189.16400146484375
162.1300048828125 153.58299255371094 188.98399353027344
164.24200439453125 151.5659942626953 191.57699584960938
164.85899353027344 154.33099365234375 194.1909942626953
161.60800170898438 156.2570037841797 194.27699279785156
159.13099670410156 153.50799560546875 195.48599243164063
161.66200256347656 152.65199279785156 198.19500732421875
162.16600036621094 156.3350067138672 199.07699584960938
158.3699951171875 156.70399475097656 199.6790008544922
158.4340057373047 153.67999267578125 202.05999755859375
161.4080047607422 155.08200073242188 204.04200744628906
159.77099609375 158.6490020751953 204.09100341796875
156.5050048828125 157.31900024414063 205.61000061035156
158.51100158691406 156.03399658203125 208.656005859375
160.08999633789063 159.44700622558594 208.53599548339844
156.70199584960938 160.947998046875 209.52200317382813
156.72900390625 161.84100341796875 213.3560028076172
153.4199981689453 160.98399353027344 215.23599243164063
151.9459991455078 160.43099975585938 218.76699829101563
151.04600524902344 156.83900451660156 217.99400329589844
152.50799560546875 154.47300720214844 215.2519989013672
151.95199584960938 150.6820068359375 215.59500122070313
154.77200317382813 149.91900634765625 213.00799560546875
157.6699981689453 151.10800170898438 215.197998046875
156.3780059814453 149.44400024414063 218.36099243164063
156.05599975585938 146.03700256347656 216.58599853515625
158.8730010986328 143.58399963378906 217.69500732421875
162.09500122070313 143.60000610351563 215.61900329589844
160.572998046875 145.63400268554688 212.6790008544922
163.7689971923828 147.41099548339844 211.56399536132813
165.35000610351563 144.46800231933594 209.4029998779297
161.89700317382813 143.31199645996094 208.36199951171875
161.19700622558594 146.91200256347656 207.0290069580078
164.6750030517578 146.90199279785156 205.2740020751953
