0  2.489628070340829e+06  2.489628070330994e+06
1  8.418444437432274e+05  8.418444436486642e+05
2  6.115493745060118e+05  6.115493746006852e+05
3  5.074851298306063e+05  5.074851298342592e+05
4  4.417221104829109e+05  4.417221103843971e+05
5  3.940677016145198e+05  3.940677016906706e+05
6  3.571815168053234e+05  3.571815167640915e+05
7  3.273271884870359e+05  3.273271884036685e+05
8  3.024674872727919e+05  3.024674872072324e+05
9  2.813501993618704e+05  2.813501993208283e+05
10  2.631498668049162e+05  2.631498667958318e+05
11  2.472782443904462e+05  2.472782443433699e+05
12  2.333111484134822e+05  2.333111483669805e+05
13  2.209285247203969e+05  2.209285246642258e+05
14  2.098850564951199e+05  2.098850564159525e+05
15  1.999841872985323e+05  1.999841872591223e+05
16  1.910687782288626e+05  1.910687781447933e+05
17  1.830116080654308e+05  1.830116079747525e+05
18  1.757064772188567e+05  1.757064771434102e+05
19  1.690632598296680e+05  1.690632597501761e+05
20  1.630090664381525e+05  1.630090663409694e+05
21  1.574788135778554e+05  1.574788135210554e+05
22  1.524143864871707e+05  1.524143863961725e+05
23  1.477647371055204e+05  1.477647370332151e+05
24  1.434871785761379e+05  1.434871784909157e+05
25  1.395454943723928e+05  1.395454942937902e+05
26  1.359080362444852e+05  1.359080361490897e+05
27  1.325453696958409e+05  1.325453696150985e+05
28  1.294311900544323e+05  1.294311899753245e+05
29  1.265429640313194e+05  1.265429641014879e+05
30  1.238611670587199e+05  1.238611669827436e+05
31  1.213679672819910e+05  1.213679671837240e+05
32  1.190466626482856e+05  1.190466625539660e+05
33  1.168824663039543e+05  1.168824662052312e+05
34  1.148623450065512e+05  1.148623449251734e+05
35  1.129752221642866e+05  1.129752220736263e+05
36  1.112103097815161e+05  1.112103096890894e+05
37  1.095568503701681e+05  1.095568502727100e+05
38  1.080052235527734e+05  1.080052234583050e+05
39  1.065475269813379e+05  1.065475268997317e+05
40  1.051769388411871e+05  1.051769387567676e+05
41  1.038871658323944e+05  1.038871657420143e+05
42  1.026722534364056e+05  1.026722533367715e+05
43  1.015266104705600e+05  1.015266103729818e+05
44  1.004452236890228e+05  1.004452235962362e+05
45  9.942375552257858e+04  9.942375542707079e+04
46  9.845861874909792e+04  9.845861865753921e+04
47  9.754674574304484e+04  9.754674565074120e+04
48  9.668456627755782e+04  9.668456618590314e+04
49  9.586815700680365e+04  9.586815691563145e+04
50  9.509398444904899e+04  9.509398435352299e+04
51  9.435921998673312e+04  9.435921989560989e+04
52  9.366140926562648e+04  9.366140917157655e+04
53  9.299817321665656e+04  9.299817311830648e+04
54  9.236711688169320e+04  9.236711678237289e+04
55  9.176598445454989e+04  9.176598436078258e+04
56  9.119284526641922e+04  9.119284517162427e+04
57  9.064606570234256e+04  9.064606560812406e+04
58  9.012409067664589e+04  9.012409058487757e+04
59  8.962533956917223e+04  8.962533947905403e+04
60  8.914840148810737e+04  8.914840139348178e+04
61  8.869214229168002e+04  8.869214219604664e+04
62  8.825545395112652e+04  8.825545385184248e+04
63  8.783713244441951e+04  8.783713234662217e+04
64  8.743596698393398e+04  8.743596688596410e+04
65  8.705079135701114e+04  8.705079136408436e+04
66  8.668066074645953e+04  8.668066065368055e+04
67  8.632519054438308e+04  8.632519044888744e+04
68  8.598431660568458e+04  8.598431668404273e+04
69  8.565769733717576e+04  8.565769723820011e+04
70  8.534458819041657e+04  8.534458809871577e+04
71  8.504453599831148e+04  8.504453589938414e+04
72  8.475692849597428e+04  8.475692840262542e+04
73  8.448087823739380e+04  8.448087813876817e+04
74  8.421558717391823e+04  8.421558707814460e+04
75  8.396036269997680e+04  8.396036260065966e+04
76  8.371453195308831e+04  8.371453185951841e+04
77  8.347748011228982e+04  8.347748001764566e+04
78  8.324869735697370e+04  8.324869725754851e+04
79  8.302785279330517e+04  8.302785269355668e+04
80  8.281483171218501e+04  8.281483161367214e+04
81  8.260960773999809e+04  8.260960764599762e+04
82  8.241204245446886e+04  8.241204235869161e+04
83  8.222178135868003e+04  8.222178126416638e+04
84  8.203828651447818e+04  8.203828641492053e+04
85  8.186090524650770e+04  8.186090514746144e+04
86  8.168905687192531e+04  8.168905692994059e+04
87  8.152254790466929e+04  8.152254799209553e+04
88  8.136128254697872e+04  8.136128244774783e+04
89  8.120496001707723e+04  8.120495992226139e+04
90  8.105311956291717e+04  8.105311946527830e+04
91  8.090526278371336e+04  8.090526268639318e+04
92  8.076103094436486e+04  8.076103084948567e+04
93  8.062037749083289e+04  8.062037739435727e+04
94  8.048342438699344e+04  8.048342446490674e+04
95  8.035014689580999e+04  8.035014679996067e+04
96  8.022014770892373e+04  8.022014761071662e+04
97  8.009256327876022e+04  8.009256332458410e+04
98  7.996665175989033e+04  7.996665169518467e+04
99  7.984282846410920e+04  7.984282836414660e+04
100  7.972233445484552e+04  7.972233435954916e+04
101  7.960614456837482e+04  7.960614447293841e+04
102  7.949423047110882e+04  7.949423048799562e+04
103  7.938591703907076e+04  7.938591699291064e+04
104  7.928276143221960e+04  7.928276133579006e+04
105  7.918336678392401e+04  7.918336668753556e+04
106  7.908703981561713e+04  7.908703971831442e+04
107  7.899316102883023e+04  7.899316093044708e+04
108  7.890143127423158e+04  7.890143121224674e+04
109  7.881185756963800e+04  7.881185746989655e+04
110  7.872443288613943e+04  7.872443278754120e+04
111  7.863902903647569e+04  7.863902894147518e+04
112  7.855547282301828e+04  7.855547278153944e+04
