0    0.00000000
1    12.58396557
2    14.47082025
3    16.33670705
4    17.61970329
5    18.77523610
6    19.75450437
7    20.64884696
8    21.45829653
9    22.21055915
10    22.90957339
11    23.56648461
12    24.18476349
13    24.76997947
14    25.32478623
15    25.85241402
16    26.35490561
17    26.83437352
18    27.29240381
19    27.73052720
20    28.14992121
21    28.55171852
22    28.93698151
23    29.30674302
24    29.66192584
25    30.00335131
26    30.33172597
27    30.64772406
28    30.95200951
29    31.24520781
30    31.52788094
31    31.80054253
32    32.06368648
33    32.31777963
34    32.56326360
35    32.80054995
36    33.03001207
37    33.25201472
38    33.46691568
39    33.67504425
40    33.87670414
41    34.07217869
42    34.26173013
43    34.44560261
44    34.62402315
45    34.79720884
46    34.96535966
47    35.12865447
48    35.28728110
49    35.44142711
50    35.59127586
51    35.73700793
52    35.87878920
53    36.01677235
54    36.15110516
55    36.28192860
56    36.40937252
57    36.53355671
58    36.65459447
59    36.77259513
60    36.88766526
61    36.99991059
62    37.10943859
63    37.21635243
64    37.32074150
65    37.42269064
66    37.52228844
67    37.61960778
68    37.71471608
69    37.80766829
70    37.89852168
71    37.98734676
72    38.07420641
73    38.15915594
74    38.24225080
75    38.32354725
76    38.40310075
77    38.48096461
78    38.55718955
79    38.63182190
80    38.70490182
81    38.77646513
82    38.84654696
83    38.91518430
84    38.98241672
85    39.04828577
86    39.11283322
87    39.17609796
88    39.23811397
89    39.29891389
90    39.35853207
91    39.41700422
92    39.47436555
93    39.53065024
94    39.58589287
95    39.64012683
96    39.69338359
97    39.74569577
98    39.79709741
99    39.84761348
100    39.89726071
101    39.94605074
102    39.99399747
103    40.04111509
104    40.08742496
105    40.13295339
106    40.17772248
107    40.22175443
108    40.26507023
109    40.30768905
110    40.34962949
111    40.39090931
112    40.43154421
