0.31056669
0.19000307
0.19003402
0.19004292
0.19000771
0.19012631
0.19015590
0.19026539
0.19033761
0.19002363
0.19032496
0.19053228
0.19018985
0.19014757
0.19019395
0.19042820
0.19044091
0.19063923
0.19038899
0.19107755
0.19073931
0.19066431
0.19112308
0.19096358
0.19024064
0.19069464
0.19105538
0.19142973
0.19187139
0.19012181
0.19008933
0.19226113
0.19162862
0.19038595
0.19237014
0.19127118
0.19353967
0.19322382
0.19285055
0.19294881
0.19654580
0.19020959
0.19227517
0.19587003
0.19903782
0.19583546
0.20657952
0.20501891
0.20172631
0.20299331
0.19852938
0.19240813
0.19369621
0.19210667
0.19146350
0.19129899
0.19079470
0.19015068
0.19098145
0.19208272
0.19086614
0.19173969
0.19045785
0.19103895
0.19148350
0.19033042
0.19086003
0.19134183
0.19041089
0.19078251
0.19092721
0.19077947
0.19028189
0.19044740
0.19004445
0.19002774
0.19021763
0.19045476
0.19059767
0.19052116
0.19011505
0.19065094
0.19041199
0.19052739
0.19005404
0.19032734
0.19021513
0.19012139
0.19009749
0.19021556
0.19007655
0.19016289
0.19011778
0.19009970
0.19006470
0.19003000
0.19003696
0.31296640
