1  3.396096733378177e-24
2  2.158448598946590e-01
3  5.899038649940168e-01
4  1.208613344853386e+00
5  2.128479928297989e+00
6  3.395286163018151e+00
7  5.047801880131613e+00
8  7.119568392670161e+00
9  9.645958079614223e+00
10  1.266319917253664e+01
11  1.619820166602451e+01
12  2.027873956312762e+01
13  2.489332341356454e+01
14  3.000013987525106e+01
15  3.558377404720995e+01
16  4.164436267709252e+01
17  4.819262334633643e+01
18  5.522482689206631e+01
19  6.275313846391204e+01
20  7.076722130669644e+01
21  7.931928710398309e+01
22  8.837989261910079e+01
23  9.797976009482366e+01
24  1.081728564008670e+02
25  1.189608286579880e+02
26  1.303524046928457e+02
27  1.424776372381138e+02
28  1.554167892603558e+02
29  1.692817025126631e+02
30  1.842167248828722e+02
31  2.001992602310073e+02
32  2.175411355913612e+02
33  2.366840195908212e+02
34  2.576332017925380e+02
35  2.806520789075255e+02
36  3.066833328804653e+02
37  3.361031827326001e+02
38  3.704280287208504e+02
39  4.101681431419793e+02
40  4.559155937577317e+02
41  5.082397046113910e+02
42  5.690665971995652e+02
43  6.368894029357737e+02
44  7.177564653033546e+02
45  8.184250264392682e+02
46  9.481901494081027e+02
47  1.115090756581000e+03
48  1.352710150722955e+03
49  1.677001387608261e+03 0.000000000000000e+00
50  0.000000000000000e+00
51  0.000000000000000e+00
52  0.000000000000000e+00
53  0.000000000000000e+00
54  0.000000000000000e+00
55  0.000000000000000e+00
56  0.000000000000000e+00
57  0.000000000000000e+00
58  0.000000000000000e+00
59  0.000000000000000e+00
60  0.000000000000000e+00
61  0.000000000000000e+00
62  0.000000000000000e+00
63  0.000000000000000e+00
64  0.000000000000000e+00
65  0.000000000000000e+00
66  0.000000000000000e+00
67  0.000000000000000e+00
68  0.000000000000000e+00
69  0.000000000000000e+00
70  0.000000000000000e+00
71  0.000000000000000e+00
72  0.000000000000000e+00
73  0.000000000000000e+00
74  0.000000000000000e+00
75  0.000000000000000e+00
76  0.000000000000000e+00
77  0.000000000000000e+00
78  0.000000000000000e+00
79  0.000000000000000e+00
80  0.000000000000000e+00
81  0.000000000000000e+00
82  0.000000000000000e+00
83  0.000000000000000e+00
84  0.000000000000000e+00
85  0.000000000000000e+00
86  0.000000000000000e+00
87  0.000000000000000e+00
88  0.000000000000000e+00
89  0.000000000000000e+00
90  0.000000000000000e+00
91  0.000000000000000e+00
92  0.000000000000000e+00
93  0.000000000000000e+00
94  0.000000000000000e+00
95  0.000000000000000e+00
96  0.000000000000000e+00
97  0.000000000000000e+00
98  0.000000000000000e+00
99  0.000000000000000e+00
