1   1361.373888
2   1089.334591
3   906.492359
4   781.815827
5   690.445102
6   622.260486
7   569.050576
8   525.371483
9   487.868428
10   454.591134
11   424.239295
12   396.212795
13   370.463339
14   346.422097
15   324.131313
16   303.175867
17   283.418324
18   264.875692
19   247.257763
20   230.475176
21   214.566610
22   199.354643
23   184.810071
24   170.917272
25   157.670607
26   145.002025
27   132.933630
28   121.428356
29   110.466482
30   100.040829
31   90.152820
32   80.809227
33   72.019489
34   63.735989
35   55.989091
36   48.759403
37   42.063497
38   35.870113
39   30.188508
40   25.013526
41   20.339139
42   16.158606
43   12.473829
44   9.276418
45   6.564658
46   4.333400
47   2.577387
48   1.289684
49   0.459777
