1   1402.397055
2   1140.767036
3   962.620613
4   826.987189
5   723.241177
6   640.688942
7   571.875971
8   510.378165
9   457.561758
10   411.416348
11   371.357769
12   336.794543
13   307.210257
14   281.066137
15   257.968528
16   236.960379
17   217.771678
18   200.393995
19   184.382912
20   169.424823
21   155.541338
22   142.587010
23   130.449139
24   119.046817
25   108.249457
26   98.048039
27   88.440721
28   79.373367
29   70.815142
30   62.795432
31   55.261932
32   48.224942
33   41.672253
34   35.607593
35   30.020234
36   24.909931
37   20.292007
38   16.208384
39   12.670717
40   9.651322
41   7.123260
42   5.050223
43   3.396771
44   2.129310
45   1.209019
46   0.590069
47   0.215896
