1      0.20172631    7.38749882
2      0.20299331    7.34138100
3      0.19852938    7.29155303
4      0.19240813    7.23691109
5      0.19369621    7.17366435
6      0.19210667    7.10082670
7      0.19146350    7.01701878
8      0.19129899    6.92277868
9      0.19079470    6.82033896
10      0.19015068    6.71175273
11      0.19098145    6.59738577
12      0.19208272    6.47763662
13      0.19086614    6.35425246
14      0.19173969    6.22602954
15      0.19045785    6.09450245
16      0.19103895    5.95849027
17      0.19148350    5.81817927
18      0.19033042    5.67493449
19      0.19086003    5.52772704
20      0.19134183    5.37681975
21      0.19041089    5.22360642
22      0.19078251    5.06731628
23      0.19092721    4.90837102
24      0.19077947    4.74723447
25      0.19028189    4.58440237
26      0.19044740    4.41947028
27      0.19004445    4.25306353
28      0.19002774    4.08495589
29      0.19021763    3.91505076
30      0.19045476    3.74337735
31      0.19059767    3.57008634
32      0.19052116    3.39544466
33      0.19011505    3.21982900
34      0.19065094    3.04244050
35      0.19041199    2.86407484
36      0.19052739    2.68448422
37      0.19005404    2.50431479
38      0.19032734    2.32295362
39      0.19021513    2.14086599
40      0.19012139    1.95814136
41      0.19009749    1.77482831
42      0.19021556    1.59091830
43      0.19007655    1.40680978
44      0.19016289    1.22246793
45      0.19011778    1.03825845
46      0.19009970    0.85448826
47      0.19006470    0.67168043
48      0.19003000    0.49068243
49      0.19003696    0.31296640
