1      0.20501891    6.28732975
2      0.20657952    6.23421612
3      0.19583546    6.17873184
4      0.19903782    6.11629745
5      0.19587003    6.04843874
6      0.19227517    5.97588728
7      0.19020959    5.89929057
8      0.19654580    5.81626295
9      0.19294881    5.73144372
10      0.19285055    5.64293664
11      0.19322382    5.54940988
12      0.19353967    5.44974774
13      0.19127118    5.34502608
14      0.19237014    5.23404940
15      0.19038595    5.11957281
16      0.19162862    5.00039560
17      0.19226113    4.87721488
18      0.19008933    4.75205771
19      0.19012181    4.62368856
20      0.19187139    4.49110544
21      0.19142973    4.35604237
22      0.19105538    4.21874400
23      0.19069464    4.07948526
24      0.19024064    3.93859336
25      0.19096358    3.79540170
26      0.19112308    3.65048927
27      0.19066431    3.50445558
28      0.19073931    3.35698572
29      0.19107755    3.20792771
30      0.19038899    3.05811339
31      0.19063923    2.90682768
32      0.19044091    2.75446032
33      0.19042820    2.60092427
34      0.19019395    2.44652634
35      0.19014757    2.29138022
36      0.19018985    2.13569989
37      0.19053228    1.97908740
38      0.19032496    1.82140973
39      0.19002363    1.66207497
40      0.19033761    1.50033025
41      0.19026539    1.33679349
42      0.19015590    1.17192129
43      0.19012631    1.00587821
44      0.19000771    0.83847818
45      0.19004292    0.66839554
46      0.19003402    0.49323593
47      0.19000307    0.31056669
